0.015238 0.017947 0.022850 0.030500 0.041712 0.057637 0.079852 0.110475 0.152595 0.209661 0.286524 0.389443 0.526443 0.707743 0.946254 1.258181 1.663697 2.187740 2.860900 3.720404 4.811194 6.187084 7.911970 10.061063 12.722101 15.996491 20.000315 24.865114 30.738384 37.783662 46.180122 56.121563 67.814704 81.476668 97.331602 115.606374 136.525302 160.303959 187.142095 217.215781 250.668950 287.604513 328.075510 372.076161 419.533771 470.301443 524.152175 580.774695 639.771040 700.658472 762.870333 825.763524 888.626894 950.693042 1011.152667 1069.171252 1123.907533 1174.534292 1220.257590 1260.338360 1294.112017 1321.006809 1340.559932 1352.430885 1356.411254 1352.430885 1340.559932 1321.006809 1294.112017 1260.338360 1220.257590 1174.534292 1123.907533 1069.171252 1011.152667 950.693042 888.626894 825.763524 762.870333 700.658472 639.771040 580.774695 524.152175 470.301443 419.533771 372.076161 328.075510 287.604513 250.668950 217.215781 187.142095 160.303959 136.525302 115.606374 97.331602 81.476668 67.814704 56.121563 46.180122 37.783662 30.738384 24.865114 20.000315 15.996491 12.722101 10.061063 7.911970 6.187084 4.811194 3.720404 2.860900 2.187740 1.663697 1.258181 0.946254 0.707743 0.526443 0.389443 0.286524 0.209661 0.152595 0.110475 0.079852 0.057637 0.041712 0.030500 0.022850 0.017947 
0.017947 0.021136 0.026912 0.035921 0.049126 0.067882 0.094046 0.130112 0.179717 0.246927 0.337452 0.458664 0.620015 0.833540 1.114445 1.481815 1.959409 2.576597 3.369407 4.381682 5.666353 7.286799 9.318273 11.849354 14.983374 18.839766 23.555244 29.284731 36.201937 44.499469 54.388345 66.096815 79.868338 95.958628 114.631678 136.154674 160.791808 188.796972 220.405416 255.824494 295.223749 338.724409 386.388858 438.210346 494.103245 553.894550 617.316711 684.003492 753.486500 825.196137 898.465793 972.537857 1046.574800 1119.672667 1190.878602 1259.209646 1323.675246 1383.300603 1437.150939 1484.355811 1524.132529 1555.807582 1578.836183 1592.817125 1597.504980 1592.817125 1578.836183 1555.807582 1524.132529 1484.355811 1437.150939 1383.300603 1323.675246 1259.209646 1190.878602 1119.672667 1046.574800 972.537857 898.465793 825.196137 753.486500 684.003492 617.316711 553.894550 494.103245 438.210346 386.388858 338.724409 295.223749 255.824494 220.405416 188.796972 160.791808 136.154674 114.631678 95.958628 79.868338 66.096815 54.388345 44.499469 36.201937 29.284731 23.555244 18.839766 14.983374 11.849354 9.318273 7.286799 5.666353 4.381682 3.369407 2.576597 1.959409 1.481815 1.114445 0.833540 0.620015 0.458664 0.337452 0.246927 0.179717 0.130112 0.094046 0.067882 0.049126 0.035921 0.026912 0.021136 
0.022850 0.026912 0.034266 0.045736 0.062549 0.086431 0.119744 0.165664 0.228825 0.314400 0.429660 0.583993 0.789434 1.061303 1.418965 1.886719 2.494814 3.280649 4.290092 5.578970 7.214675 9.277905 11.864476 15.087170 19.077556 23.987701 29.991675 37.286735 46.094057 56.658876 69.249872 84.157662 101.692230 122.179167 145.954596 173.358716 204.727907 240.385435 280.630819 325.728119 375.893156 431.280299 491.968997 557.950623 629.116155 705.245108 785.997496 870.906347 959.374588 1050.678979 1143.969468 1238.281319 1332.548724 1425.621538 1516.284388 1603.234476 1685.314739 1761.232465 1829.797473 1889.901498 1940.599467 1980.929838 2009.582347 2027.377412 2033.344155 2027.377412 2009.582347 1980.929838 1940.599467 1889.901498 1829.797473 1761.232465 1685.314739 1603.234476 1516.284388 1425.621538 1332.548724 1238.281319 1143.969468 1050.678979 959.374588 870.906347 785.997496 705.245108 629.116155 557.950623 491.968997 431.280299 375.893156 325.728119 280.630819 240.385435 204.727907 173.358716 145.954596 122.179167 101.692230 84.157662 69.249872 56.658876 46.094057 37.286735 29.991675 23.987701 19.077556 15.087170 11.864476 9.277905 7.214675 5.578970 4.290092 3.280649 2.494814 1.886719 1.418965 1.061303 0.789434 0.583993 0.429660 0.314400 0.228825 0.165664 0.119744 0.086431 0.062549 0.045736 0.034266 0.026912 
0.030500 0.035921 0.045736 0.061047 0.083489 0.115364 0.159829 0.221123 0.305427 0.419649 0.573493 0.779491 1.053706 1.416588 1.893981 2.518321 3.329984 4.378886 5.726253 7.446598 9.629875 12.383797 15.836254 20.137784 25.464001 32.017877 40.031755 49.768925 61.524606 75.626126 92.432111 112.330466 135.734945 163.080133 194.814678 231.392660 273.263070 320.857373 374.575410 434.769581 501.727977 575.656644 656.660680 744.730405 839.719206 941.333496 1049.118694 1162.451798 1280.537031 1402.350749 1526.868745 1652.750657 1778.573196 1902.800229 2023.812215 2139.938751 2248.783590 2350.082381 2441.570222 2521.769223 2589.347665 2643.162697 2682.288210 2705.987016 2713.951069 2705.987016 2682.288210 2643.162697 2589.347665 2521.769223 2441.570222 2350.082381 2248.783590 2139.938751 2023.812215 1902.800229 1778.573196 1652.750657 1526.868745 1402.350749 1280.537031 1162.451798 1049.118694 941.333496 839.719206 744.730405 656.660680 575.656644 501.727977 434.769581 374.575410 320.857373 273.263070 231.392660 194.814678 163.080133 135.734945 112.330466 92.432111 75.626126 61.524606 49.768925 40.031755 32.017877 25.464001 20.137784 15.836254 12.383797 9.629875 7.446598 5.726253 4.378886 3.329984 2.518321 1.893981 1.416588 1.053706 0.779491 0.573493 0.419649 0.305427 0.221123 0.159829 0.115364 0.083489 0.061047 0.045736 0.035921 
0.041712 0.049126 0.062549 0.083489 0.114179 0.157773 0.218583 0.302408 0.417703 0.573913 0.784312 1.066036 1.441053 1.937332 2.590216 3.444067 4.554100 5.988584 7.831249 10.184000 13.169860 16.936136 21.657732 27.540524 34.824681 43.787792 54.747607 68.064204 84.141326 103.426627 126.410568 153.623647 185.631716 223.029118 266.429422 316.453636 373.715777 438.805980 512.271008 594.591817 686.164353 787.269463 898.052163 1018.496477 1148.403881 1287.372047 1434.719929 1589.710849 1751.200786 1917.866661 2088.158266 2260.315187 2432.390846 2601.522299 2766.968514 2925.735301 3075.520978 3214.060742 3339.182772 3448.864518 3541.227690 3614.823055 3668.329556 3700.813396 3711.705335 3700.813396 3668.329556 3614.823055 3541.227690 3448.864518 3339.182772 3214.060742 3075.520978 2925.735301 2766.968514 2601.522299 2432.390846 2260.315187 2088.158266 1917.866661 1751.200786 1589.710849 1434.719929 1287.372047 1148.403881 1018.496477 898.052163 787.269463 686.164353 594.591817 512.271008 438.805980 373.715777 316.453636 266.429422 223.029118 185.631716 153.623647 126.410568 103.426627 84.141326 68.064204 54.747607 43.787792 34.824681 27.540524 21.657732 16.936136 13.169860 10.184000 7.831249 5.988584 4.554100 3.444067 2.590216 1.937332 1.441053 1.066036 0.784312 0.573913 0.417703 0.302408 0.218583 0.157773 0.114179 0.083489 0.062549 0.049126 
0.057637 0.067882 0.086431 0.115364 0.157773 0.218010 0.302038 0.417867 0.577181 0.793033 1.083762 1.473047 1.991246 2.677003 3.579159 4.759009 6.292852 8.275020 10.821214 14.072243 18.198102 23.402338 29.926636 38.055473 48.120716 60.505935 75.650198 94.051061 116.266414 142.914828 174.674017 212.277027 256.505752 308.181452 368.151957 437.275374 516.400157 606.340644 707.854472 821.606607 948.141455 1087.848421 1240.927890 1407.357794 1586.798570 1778.819512 1982.501864 2196.668645 2419.815963 2650.114304 2885.423506 3122.477249 3360.185549 3594.879498 3823.499083 4042.837516 4249.817226 4441.256365 4614.089327 4765.646637 4893.355281 4994.408696 5068.384091 5113.265602 5128.315590 5113.265602 5068.384091 4994.408696 4893.355281 4765.646637 4614.089327 4441.256365 4249.817226 4042.837516 3823.499083 3594.879498 3360.185549 3122.477249 2885.423506 2650.114304 2419.815963 2196.668645 1982.501864 1778.819512 1586.798570 1407.357794 1240.927890 1087.848421 948.141455 821.606607 707.854472 606.340644 516.400157 437.275374 368.151957 308.181452 256.505752 212.277027 174.674017 142.914828 116.266414 94.051061 75.650198 60.505935 48.120716 38.055473 29.926636 23.402338 18.198102 14.072243 10.821214 8.275020 6.292852 4.759009 3.579159 2.677003 1.991246 1.473047 1.083762 0.793033 0.577181 0.417867 0.302038 0.218010 0.157773 0.115364 0.086431 0.067882 
0.079852 0.094046 0.119744 0.159829 0.218583 0.302038 0.418452 0.578925 0.799643 1.098691 1.501475 2.040802 2.758730 3.708797 4.958669 6.593267 8.718298 11.464450 14.992021 19.496090 25.212172 32.422271 41.461220 52.723145 66.667821 83.826659 104.807956 130.301040 161.078826 197.998303 241.998398 294.094687 355.370433 426.963429 510.048289 605.812662 715.434328 840.041880 980.682062 1138.277531 1313.582572 1507.136624 1719.147927 1949.718697 2198.403949 2464.435732 2746.623959 3043.337400 3352.492730 3670.673799 3996.540596 4326.030988 4655.365810 4980.524760 5297.268036 5601.223875 5887.231837 6152.425628 6391.934396 6601.886763 6778.801490 6919.684377 7022.058761 7084.239553 7105.089329 7084.239553 7022.058761 6919.684377 6778.801490 6601.886763 6391.934396 6152.425628 5887.231837 5601.223875 5297.268036 4980.524760 4655.365810 4326.030988 3996.540596 3670.673799 3352.492730 3043.337400 2746.623959 2464.435732 2198.403949 1949.718697 1719.147927 1507.136624 1313.582572 1138.277531 980.682062 840.041880 715.434328 605.812662 510.048289 426.963429 355.370433 294.094687 241.998398 197.998303 161.078826 130.301040 104.807956 83.826659 66.667821 52.723145 41.461220 32.422271 25.212172 19.496090 14.992021 11.464450 8.718298 6.593267 4.958669 3.708797 2.758730 2.040802 1.501475 1.098691 0.799643 0.578925 0.418452 0.302038 0.218583 0.159829 0.119744 0.094046 
0.110475 0.130112 0.165664 0.221123 0.302408 0.417867 0.578925 0.800939 1.106301 1.520031 2.077280 2.823435 3.816683 5.131094 6.860283 9.121738 12.061703 15.860985 20.741353 26.972701 34.880860 44.855980 57.361301 72.942093 92.234453 115.973582 145.001056 180.270553 222.851402 273.929235 334.803050 406.877894 491.652449 590.700847 705.646801 838.137639 989.798444 1162.192115 1356.766801 1574.799039 1817.332322 2085.033049 2378.437296 2697.431129 3041.487404 3409.541600 3799.947880 4210.389643 4637.097711 5078.417824 5529.338510 5985.198181 6440.842514 6889.989888 7328.165636 7748.572810 8145.265165 8512.173165 8843.544691 9133.971018 9378.736770 9573.649850 9715.354939 9801.386606 9830.234096 9801.386601 9715.354939 9573.649850 9378.736770 9133.970942 8843.544691 8512.173165 8145.265165 7748.572804 7328.165636 6889.989888 6440.842514 5985.198181 5529.338510 5078.417824 4637.097711 4210.389643 3799.947880 3409.541600 3041.487404 2697.431129 2378.437296 2085.033049 1817.332322 1574.799039 1356.766801 1162.192115 989.798444 838.137639 705.646801 590.700847 491.652449 406.877894 334.803050 273.929235 222.851402 180.270553 145.001056 115.973582 92.234453 72.942093 57.361301 44.855980 34.880860 26.972701 20.741353 15.860985 12.061703 9.121738 6.860283 5.131094 3.816683 2.823435 2.077280 1.520031 1.106301 0.800939 0.578925 0.417867 0.302408 0.221123 0.165664 0.130112 
0.152595 0.179717 0.228825 0.305427 0.417703 0.577181 0.799643 1.106301 1.528083 2.099549 2.869253 3.899883 5.271811 7.087349 9.475799 12.599444 16.660285 21.908060 28.649093 37.256171 48.179354 61.957536 79.230571 100.751614 127.399278 160.189060 200.283397 248.999560 307.814561 378.366061 462.448308 562.002029 679.095946 815.906865 974.678193 1157.681816 1367.164045 1605.283627 1874.040878 2175.118544 2510.109806 2879.973315 3285.240450 3725.853140 4201.083917 4709.396514 5247.630895 5814.520801 6405.181301 7014.772307 7637.623477 8266.525753 8895.841033 9517.097117 10122.341887 10703.104466 11251.057413 11757.813591 12215.534191 12616.770293 12954.295840 13223.519079 13419.251194 13538.082447 13577.968732 13538.082447 13419.251194 13223.519079 12954.295840 12616.770293 12215.534191 11757.813591 11251.057413 10703.104466 10122.341887 9517.097117 8895.841033 8266.525753 7637.623477 7014.772307 6405.181301 5814.520801 5247.630895 4709.396514 4201.083917 3725.853140 3285.240450 2879.973315 2510.109806 2175.118544 1874.040878 1605.283627 1367.164045 1157.681816 974.678193 815.906865 679.095946 562.002029 462.448308 378.366061 307.814561 248.999560 200.283397 160.189060 127.399278 100.751614 79.230571 61.957536 48.179354 37.256171 28.649093 21.908060 16.660285 12.599444 9.475799 7.087349 5.271811 3.899883 2.869253 2.099549 1.528083 1.106301 0.799643 0.577181 0.417703 0.305427 0.228825 0.179717 
0.209661 0.246927 0.314400 0.419649 0.573913 0.793033 1.098691 1.520031 2.099549 2.884730 3.942283 5.358344 7.243340 9.737844 13.019517 17.311328 22.890825 30.101141 39.363155 51.189071 66.197257 85.128143 108.860871 138.430259 175.043498 220.095861 275.184501 342.119322 422.929698 519.865738 635.392695 772.175598 933.061449 1121.036338 1339.184297 1590.626834 1878.450332 2205.619595 2574.798060 2988.571409 3448.842514 3957.026674 4513.855216 5119.179131 5772.130181 6469.507955 7210.289311 7989.199226 8800.375807 9637.151476 10492.878770 11357.980866 12222.535248 13076.645549 13908.263700 14682.886757 15435.565300 16131.220934 16760.185600 17311.682885 17799.579762 18169.499316 18139.850450 18300.380685 18354.206797 18300.380685 18139.850450 18169.499316 17799.579762 17311.682885 16760.185600 16131.220934 15435.565300 14682.886757 13908.263700 13076.645549 12222.535248 11357.980866 10492.878770 9637.151476 8800.375807 7989.199226 7210.289311 6469.507955 5772.130181 5119.179131 4513.855216 3957.026674 3448.842514 2988.571409 2574.798060 2205.619595 1878.450332 1590.626834 1339.184297 1121.036338 933.061449 772.175598 635.392695 519.865738 422.929698 342.119322 275.184501 220.095861 175.043498 138.430259 108.860871 85.128143 66.197257 51.189071 39.363155 30.101141 22.890825 17.311328 13.019517 9.737844 7.243340 5.358344 3.942283 2.884730 2.099549 1.520031 1.098691 0.793033 0.573913 0.419649 0.314400 0.246927 
0.286524 0.337452 0.429660 0.573493 0.784312 1.083762 1.501475 2.077280 2.869253 3.942283 5.387541 7.322735 9.898779 13.307778 17.792525 23.657732 31.282695 41.136342 53.793849 69.955194 90.465443 116.336469 148.769713 189.179358 239.215163 300.783908 376.068269 467.541671 577.977462 710.450653 868.328653 1055.258551 1275.125840 1532.013084 1830.135053 2173.756758 2567.096081 3014.113404 3518.741597 4084.207435 4713.216884 5407.706612 6168.173695 6995.479800 7886.574069 8840.972217 9853.334269 10917.808695 12025.969928 13145.631411 14313.936788 15495.070485 16675.861157 17841.186439 18976.996655 20067.152098 20777.489040 21714.154094 22560.214111 23302.484272 23927.805361 24426.019904 24788.558498 24984.200970 25057.730524 24984.200970 24788.558498 24426.019904 23927.805361 23302.484272 22560.214111 21714.154094 20777.489040 20067.152098 18976.996655 17841.186439 16675.861157 15495.070485 14313.936788 13145.631411 12025.969928 10917.808695 9853.334269 8840.972217 7886.574069 6995.479800 6168.173695 5407.706612 4713.216884 4084.207435 3518.741597 3014.113404 2567.096081 2173.756758 1830.135053 1532.013084 1275.125840 1055.258551 868.328653 710.450653 577.977462 467.541671 376.068269 300.783908 239.215163 189.179358 148.769713 116.336469 90.465443 69.955194 53.793849 41.136342 31.282695 23.657732 17.792525 13.307778 9.898779 7.322735 5.387541 3.942283 2.869253 2.077280 1.501475 1.083762 0.784312 0.573493 0.429660 0.337452 
0.389443 0.458664 0.583993 0.779491 1.066036 1.473047 2.040802 2.823435 3.899883 5.358344 7.322735 9.953048 13.454401 18.087906 24.183567 32.155545 42.519380 55.912439 73.116498 95.082968 122.960459 158.124310 202.207511 257.132227 325.140799 408.824920 511.151283 635.481758 785.585875 965.641453 1180.230895 1434.305688 1733.148145 2082.308789 2487.514146 2954.564930 3489.090460 4096.791317 4782.682746 5550.813932 6405.656203 7349.570184 8383.840012 9507.010010 10719.666724 12016.853314 13365.350217 14810.342878 16316.071965 17869.815450 19457.206459 21062.799858 22667.739921 23912.148291 25433.597100 26870.644470 28248.470461 29522.844800 30674.128436 31683.720977 32507.772954 32893.876402 33403.620546 33699.309801 33798.422405 33699.277593 33403.620546 32893.876860 32507.772954 31683.257375 30674.128436 29522.844800 28248.470461 26870.605790 25433.597100 23912.148291 22667.739921 21062.799198 19457.206459 17869.815450 16316.071965 14810.342877 13365.350217 12016.853314 10719.666724 9507.010010 8383.840012 7349.570184 6405.656203 5550.813932 4782.682746 4096.791317 3489.090460 2954.564930 2487.514146 2082.308789 1733.148145 1434.305688 1180.230895 965.641453 785.585875 635.481758 511.151283 408.824920 325.140799 257.132227 202.207511 158.124310 122.960459 95.082968 73.116498 55.912439 42.519380 32.155545 24.183567 18.087906 13.454401 9.953048 7.322735 5.358344 3.899883 2.823435 2.040802 1.473047 1.066036 0.779491 0.583993 0.458664 
0.526443 0.620015 0.789434 1.053706 1.441053 1.991246 2.758730 3.816683 5.271811 7.243340 9.898779 13.454401 18.187485 24.450997 32.691032 43.467449 57.477147 75.581710 98.837934 128.531924 166.216355 213.750393 273.341494 347.588013 439.521119 552.644230 690.967681 859.036003 1061.944807 1305.341847 1595.420255 1938.875220 2342.847600 2814.836912 3362.590094 3993.943373 4716.522441 5537.514101 6464.655511 7503.492759 8659.158941 9935.135806 11333.254485 12851.730894 14461.400432 16211.738759 18069.451881 20022.966117 22058.581418 24158.955277 26280.276671 28077.869157 30217.256849 32329.745258 34387.852575 36363.227201 37916.569968 39625.911359 41141.454918 42493.650036 43633.281365 44541.371874 45178.578882 45578.673450 45713.306263 45578.673450 45178.578882 44541.371874 43633.281365 42493.650036 41141.454918 39625.911359 37916.569968 36363.227201 34387.852575 32329.745258 30217.256849 28077.869157 26280.276671 24158.955277 22058.581418 20022.966117 18069.451881 16211.738759 14461.400432 12851.730894 11333.254485 9935.135806 8659.158941 7503.492759 6464.655511 5537.514101 4716.522441 3993.943373 3362.590094 2814.836912 2342.847600 1938.875220 1595.420255 1305.341847 1061.944807 859.036003 690.967681 552.644230 439.521119 347.588013 273.341494 213.750393 166.216355 128.531924 98.837934 75.581710 57.477147 43.467449 32.691032 24.450997 18.187485 13.454401 9.898779 7.243340 5.271811 3.816683 2.758730 1.991246 1.441053 1.053706 0.789434 0.620015 
0.707743 0.833540 1.061303 1.416588 1.937332 2.677003 3.708797 5.131094 7.087349 9.737844 13.307778 18.087906 24.450997 32.871574 43.949360 58.437023 77.271461 101.610979 132.876317 172.796496 223.458910 287.362992 367.476427 467.292395 590.885959 742.967065 928.927149 1154.875821 1427.660408 1754.882363 2144.860756 2606.596807 3149.689880 3784.227614 4520.619306 5368.747924 6340.273179 7444.618172 8690.968952 10087.677068 11641.345922 13356.267776 15203.343495 17243.718522 19443.635557 21798.168464 24295.908941 26895.058605 29629.585806 32058.538784 34906.663099 37786.720364 40665.738574 43179.860462 45927.753077 48543.350829 51000.836537 53300.027164 55376.886930 57174.175754 58439.738356 59654.994476 60538.772489 61075.161468 61275.008098 61075.161468 60538.772489 59654.994476 58439.738356 57174.175754 55376.886930 53300.027164 51000.836537 48543.350829 45927.753077 43179.860462 40665.738574 37786.720364 34906.663099 32058.538784 29629.585806 26895.058605 24295.908941 21798.168464 19443.635557 17243.718522 15203.343495 13356.267776 11641.345922 10087.677068 8690.968952 7444.618172 6340.273179 5368.747924 4520.619306 3784.227614 3149.689880 2606.596807 2144.860756 1754.882363 1427.660408 1154.875821 928.927149 742.967065 590.885959 467.292395 367.476427 287.362992 223.458910 172.796496 132.876317 101.610979 77.271461 58.437023 43.949360 32.871574 24.450997 18.087906 13.307778 9.737844 7.087349 5.131094 3.708797 2.677003 1.937332 1.416588 1.061303 0.833540 
0.946254 1.114445 1.418965 1.893981 2.590216 3.579159 4.958669 6.860283 9.475799 13.019517 17.792525 24.183567 32.691032 43.949360 58.760383 78.130417 103.312099 135.854084 177.655903 231.029262 298.765008 384.204900 491.316723 624.770873 790.015717 993.348458 1241.977468 1544.067946 1908.785229 2346.281694 2867.683645 3485.023893 4211.142563 5059.519892 6043.347026 7178.091973 8477.028685 9953.450870 11619.942489 13486.810105 15564.041596 17820.650543 20329.936013 23057.215003 26000.038632 29118.460796 32455.324271 35964.659914 39173.932650 42904.502454 46716.160635 50216.134833 54015.403928 57791.276399 61469.919034 64965.588621 68293.757355 71044.601876 73811.060963 76236.303546 78279.756430 79907.549908 81069.577114 81787.074294 82027.781796 81787.074294 81069.577114 79907.549908 78279.756430 76236.303546 73811.060963 71044.601876 68293.757355 64965.588621 61469.919034 57791.276399 54015.403928 50216.134833 46716.160635 42904.502454 39173.932650 35964.659914 32455.324271 29118.460796 26000.038632 23057.215003 20329.936013 17820.650543 15564.041596 13486.810105 11619.942489 9953.450870 8477.028685 7178.091973 6043.347026 5059.519892 4211.142563 3485.023893 2867.683645 2346.281694 1908.785229 1544.067946 1241.977468 993.348458 790.015717 624.770873 491.316723 384.204900 298.765008 231.029262 177.655903 135.854084 103.312099 78.130417 58.760383 43.949360 32.691032 24.183567 17.792525 13.019517 9.475799 6.860283 4.958669 3.579159 2.590216 1.893981 1.418965 1.114445 
1.258181 1.481815 1.886719 2.518321 3.444067 4.759009 6.593267 9.121738 12.599444 17.311328 23.657732 32.155545 43.467449 58.437023 78.130417 103.885674 137.368358 180.637627 236.219183 307.186773 397.251233 510.855909 653.276550 830.723118 1050.440006 1320.799213 1651.387275 2053.061776 2538.006141 3119.720944 3813.000212 4633.842485 5598.723480 6726.697566 8035.575274 9544.389151 11271.523339 13234.079692 15449.884707 17897.460946 20655.391988 23698.665510 27035.481616 30630.111953 34540.672134 38723.677420 42709.892040 47326.276823 52109.805112 56701.854989 61739.442819 66832.746697 71923.859047 76614.556786 81488.636254 86139.871741 90530.650849 94610.366023 98274.883540 101503.747577 103984.395586 106145.723241 107717.762147 108672.039028 108975.622276 108655.836225 107717.762147 106145.953633 103984.395586 101270.527664 98274.883540 94610.366340 90530.650849 86120.413128 81488.636254 76614.556786 71923.859047 66832.414413 61739.442819 56701.854989 52109.805112 47326.276274 42709.892040 38723.677420 34540.672134 30630.111953 27035.481616 23698.665510 20655.391988 17897.460946 15449.884707 13234.079692 11271.523339 9544.389151 8035.575274 6726.697566 5598.723480 4633.842485 3813.000212 3119.720944 2538.006141 2053.061776 1651.387275 1320.799213 1050.440006 830.723118 653.276550 510.855909 397.251233 307.186773 236.219183 180.637627 137.368358 103.885674 78.130417 58.437023 43.467449 32.155545 23.657732 17.311328 12.599444 9.121738 6.593267 4.759009 3.444067 2.518321 1.886719 1.481815 
1.663697 1.959409 2.494814 3.329984 4.554100 6.292852 8.718298 12.061703 16.660285 22.890825 31.282695 42.519380 57.477147 77.271461 103.312099 137.368358 181.642616 238.857709 312.353378 406.194048 525.286569 675.506395 863.829661 1098.467822 1388.999009 1746.497095 2183.634752 2714.770618 3356.014164 4125.217569 5041.939497 6126.685770 7403.263821 8894.793640 10625.554227 12620.674389 14903.697983 17499.652276 20390.625854 23669.123487 27315.876350 31340.626450 35716.160407 40510.562148 45681.375903 50688.641592 56496.681440 62604.228713 68536.212805 75063.099647 81437.171801 88155.511086 94832.327189 101450.398574 107875.835552 113159.819814 118991.478295 124122.706827 128993.149481 133267.833208 137751.385666 140597.051189 131324.928922 132483.974460 132872.838588 132483.974460 131324.928922 140597.051189 137751.385666 133267.833208 128993.149481 124122.706827 118991.478295 113159.819814 107875.835552 101450.398574 94832.327189 88155.511086 81437.171801 75063.099647 68536.212805 62604.228713 56496.681440 50688.641592 45681.375903 40510.562148 35716.160407 31340.626450 27315.876350 23669.123487 20390.625854 17499.652276 14903.697983 12620.674389 10625.554227 8894.793640 7403.263821 6126.685770 5041.939497 4125.217569 3356.014164 2714.770618 2183.634752 1746.497095 1388.999009 1098.467822 863.829661 675.506395 525.286569 406.194048 312.353378 238.857709 181.642616 137.368358 103.312099 77.271461 57.477147 42.519380 31.282695 22.890825 16.660285 12.061703 8.718298 6.292852 4.554100 3.329984 2.494814 1.959409 
2.187740 2.576597 3.280649 4.378886 5.988584 8.275020 11.464450 15.860985 21.908060 30.101141 41.136342 55.912439 75.581710 101.610979 135.854084 180.637627 238.857709 314.094822 410.740683 534.139954 690.745098 888.282241 1135.924919 1444.469835 1826.515975 2296.621382 2871.448487 3569.889121 4413.114943 5424.605125 6629.368018 8056.572738 9735.263632 11696.415822 13971.898959 16595.251562 19598.351634 22969.526597 26816.983505 31128.086982 35885.973009 41176.625229 46959.551798 53263.392794 59490.353557 66694.839250 73922.450378 81912.855551 90239.183283 97514.107981 106219.572001 114983.234555 123757.178295 132187.306949 140622.600401 147861.468725 143428.395059 149922.058539 155825.676627 161029.382645 165211.018450 157636.533355 160863.079351 161363.093079 161836.639992 161363.093079 160863.079351 157636.533355 165211.018450 161029.382645 155825.676627 149922.058539 143428.395059 147861.468725 140622.600401 132187.306949 123757.178295 114983.234555 106219.572001 97514.107981 90239.183283 81912.855551 73922.450378 66694.839250 59490.353557 53263.392794 46959.551798 41176.625229 35885.973009 31128.086982 26816.983505 22969.526597 19598.351634 16595.251562 13971.898959 11696.415822 9735.263632 8056.572738 6629.368018 5424.605125 4413.114943 3569.889121 2871.448487 2296.621382 1826.515975 1444.469835 1135.924919 888.282241 690.745098 534.139954 410.740683 314.094822 238.857709 180.637627 135.854084 101.610979 75.581710 55.912439 41.136342 30.101141 21.908060 15.860985 11.464450 8.275020 5.988584 4.378886 3.280649 2.576597 
2.860900 3.369407 4.290092 5.726253 7.831249 10.821214 14.992021 20.741353 28.649093 39.363155 53.793849 73.116498 98.837934 132.876317 177.655903 236.219183 312.353378 410.740683 537.124133 698.492923 903.284914 1161.603534 1485.443641 1888.928189 2388.528584 3003.283767 3754.983609 4668.330610 5771.015648 7092.964617 8669.266039 10535.624786 12730.822014 15294.701361 18271.161633 21701.782719 25583.230148 30041.198330 35072.297983 40654.427933 46918.882969 53837.471046 61420.319595 69046.178262 77842.611510 86818.551214 95728.624492 106120.857656 116586.994121 127738.838640 137847.581453 149282.506502 160751.341794 159098.680173 169278.246256 178224.540300 175328.065179 183325.223090 190567.175119 196935.404009 190883.497362 194927.412923 197008.721908 198782.307778 200136.075513 198782.307778 197008.721908 194927.412923 190883.497362 196935.404009 190567.175119 183325.223090 175328.065179 178224.540300 169278.246256 159098.680173 160751.341794 149282.506502 137847.581453 127738.838640 116586.994121 106120.857656 95728.624492 86818.551214 77842.611510 69046.178262 61420.319595 53837.471046 46918.882969 40654.427933 35072.297983 30041.198330 25583.230148 21701.782719 18271.161633 15294.701361 12730.822014 10535.624786 8669.266039 7092.964617 5771.015648 4668.330610 3754.983609 3003.283767 2388.528584 1888.928189 1485.443641 1161.603534 903.284914 698.492923 537.124133 410.740683 312.353378 236.219183 177.655903 132.876317 98.837934 73.116498 53.793849 39.363155 28.649093 20.741353 14.992021 10.821214 7.831249 5.726253 4.290092 3.369407 
3.720404 4.381682 5.578970 7.446598 10.184000 14.072243 19.496090 26.972701 37.256171 51.189071 69.955194 95.082968 128.531924 172.796496 231.029262 307.186773 406.194048 534.139954 698.492923 908.341919 1174.659793 1510.585361 1931.717229 2456.421098 3106.114447 3905.560801 4883.095020 6070.841403 7504.807198 9223.980726 11273.828927 13700.808345 16554.727376 19889.854570 23760.550328 28221.881147 33272.789837 39051.770239 45551.563791 52878.597632 61026.598712 69970.772781 79828.183145 89839.789027 99715.101266 111807.910213 124307.374914 136722.301292 150723.525100 164904.321710 179561.229619 180326.916583 193123.773230 193835.561358 206269.818748 218219.896359 228702.143794 227232.119984 235120.573303 242024.747927 238845.986432 243871.907154 246720.899335 248935.324262 249041.160306 248277.467176 246720.899335 243881.261370 238845.986432 232555.684607 235120.573303 227232.143339 228702.143794 217429.848770 206269.818748 193835.561361 193123.773230 180313.425377 179561.229619 164904.321710 150723.525100 136722.279020 124307.374914 111807.910213 99715.101266 89839.789024 79828.183145 69970.772781 61026.598712 52878.597632 45551.563791 39051.770239 33272.789837 28221.881147 23760.550328 19889.854570 16554.727376 13700.808345 11273.828927 9223.980726 7504.807198 6070.841403 4883.095020 3905.560801 3106.114447 2456.421098 1931.717229 1510.585361 1174.659793 908.341919 698.492923 534.139954 406.194048 307.186773 231.029262 172.796496 128.531924 95.082968 69.955194 51.189071 37.256171 26.972701 19.496090 14.072243 10.184000 7.446598 5.578970 4.381682 
4.811194 5.666353 7.214675 9.629875 13.169860 18.198102 25.212172 34.880860 48.179354 66.197257 90.465443 122.960459 166.216355 223.458910 298.765008 397.251233 525.286569 690.745098 903.284914 1174.659793 1519.059729 1953.472213 2498.077766 3176.619843 4016.800467 5050.635850 6314.776811 7850.760172 9704.057616 11928.337645 14579.216909 17717.013038 21408.639009 25721.607880 30727.061480 36417.441696 43011.648479 50462.244125 58918.176979 68373.578171 78870.381811 90504.595472 101334.396093 114447.922295 129078.616233 143216.066481 159737.691299 177126.485374 193862.148149 197408.509595 215058.180422 218945.900901 235698.691735 239283.915491 254467.033585 269222.723605 281991.106663 282030.458655 292290.459671 301953.147658 301296.125593 306874.957113 311445.797736 313598.714944 314531.751443 313598.714944 311445.797736 306874.957113 301296.125593 301953.147658 292290.459671 282030.458655 281991.106663 269222.723605 254467.033585 239283.915491 235698.691735 218945.900901 215058.180422 197408.509592 193862.148149 177126.485351 159737.691299 143216.066480 129078.616233 114447.922295 101334.396093 90504.595472 78870.381811 68373.578171 58918.176979 50462.244125 43011.648479 36417.441696 30727.061480 25721.607880 21408.639009 17717.013038 14579.216909 11928.337645 9704.057616 7850.760172 6314.776811 5050.635850 4016.800467 3176.619843 2498.077766 1953.472213 1519.059729 1174.659793 903.284914 690.745098 525.286569 397.251233 298.765008 223.458910 166.216355 122.960459 90.465443 66.197257 48.179354 34.880860 25.212172 18.198102 13.169860 9.629875 7.214675 5.666353 
6.187084 7.286799 9.277905 12.383797 16.936136 23.402338 32.422271 44.855980 61.957536 85.128143 116.336469 158.124310 213.750393 287.362992 384.204900 510.855909 675.506395 888.282241 1161.603534 1510.585361 1953.472213 2512.120544 3212.470774 4085.060288 5165.513239 6495.001910 8120.658531 10094.759978 12479.294578 15339.680041 18748.667227 22783.852893 27531.223174 33077.709215 39430.132339 46838.341747 55319.193199 64882.678906 75755.842695 87901.176389 101426.223728 114274.761502 130393.668773 146100.014861 164453.475586 183378.614463 204250.371476 226531.250109 232675.611610 239156.703330 248552.052610 269184.580936 289800.905326 298240.358763 317209.055325 332467.727503 340031.529168 354711.987589 368547.566412 380098.861965 390270.659519 398357.135664 404238.471602 407818.097842 409018.414716 407818.097842 404238.471602 398357.135664 390270.659519 380098.861965 368547.566412 354711.987589 340031.529168 332467.727503 317209.055325 298240.358763 289800.905326 269184.580936 248552.052610 239156.703330 232675.611610 226531.250109 204250.371476 183378.614463 164453.475586 146100.014861 130393.668773 114274.761502 101426.223728 87901.176389 75755.842695 64882.678906 55319.193199 46838.341747 39430.132339 33077.709215 27531.223174 22783.852893 18748.667227 15339.680041 12479.294578 10094.759978 8120.658531 6495.001910 5165.513239 4085.060288 3212.470774 2512.120544 1953.472213 1510.585361 1161.603534 888.282241 675.506395 510.855909 384.204900 287.362992 213.750393 158.124310 116.336469 85.128143 61.957536 44.855980 32.422271 23.402338 16.936136 12.383797 9.277905 7.286799 
7.911970 9.318273 11.864476 15.836254 21.657732 29.926636 41.461220 57.361301 79.230571 108.860871 148.769713 202.207511 273.341494 367.476427 491.316723 653.276550 863.829661 1135.924919 1485.443641 1931.717229 2498.077766 3212.470774 4108.070523 5223.927846 6605.596366 8305.643164 10384.497734 12909.163178 15958.492956 19616.339565 23974.576498 29135.994958 35183.994023 42273.420211 50429.475603 59903.989341 70666.526093 82985.959387 96849.367761 111059.590023 128232.696623 146247.074763 164836.212716 186661.417377 209370.649557 234590.035964 243426.834710 269937.904261 280830.090495 294117.235111 308411.994725 333994.751201 358589.897201 372589.445337 386324.407006 408533.026079 428529.909662 447837.591497 465243.794086 480507.069337 493373.019184 503626.511460 511080.928787 515606.673364 517124.156425 515606.673364 511080.928787 503626.511460 493373.019184 480507.069337 465243.794086 447837.591497 428529.909662 408533.026079 386324.407006 372589.445334 358589.897201 333994.749975 308411.994725 294117.217020 280830.090495 269937.672232 243426.834716 234590.007541 209370.649576 186661.416734 164836.212717 146247.074763 128232.696623 111059.590023 96849.367761 82985.959387 70666.526093 59903.989341 50429.475603 42273.420211 35183.994023 29135.994958 23974.576498 19616.339565 15958.492956 12909.163178 10384.497734 8305.643164 6605.596366 5223.927846 4108.070523 3212.470774 2498.077766 1931.717229 1485.443641 1135.924919 863.829661 653.276550 491.316723 367.476427 273.341494 202.207511 148.769713 108.860871 79.230571 57.361301 41.461220 29.926636 21.657732 15.836254 11.864476 9.318273 
10.061063 11.849354 15.087170 20.137784 27.540524 38.055473 52.723145 72.942093 100.751614 138.430259 189.179358 257.132227 347.588013 467.292395 624.770873 830.723118 1098.467822 1444.469835 1888.928189 2456.421098 3176.619843 4085.060288 5223.927846 6642.876053 8399.752521 10561.674204 13205.204367 16415.744844 20293.318423 24943.498274 30486.857561 37025.152360 44742.092353 53757.383760 64108.737546 76095.282043 89877.000845 105545.571349 121668.955894 141304.840636 161681.659975 183878.526679 209925.940527 236288.712792 266353.974919 278647.984186 294120.663793 326030.480535 342727.454377 363141.959655 395535.824207 416886.893358 437504.809271 466004.040670 488872.370521 515356.433195 540318.780351 563189.095076 585279.708370 604696.739789 599582.654911 598452.941507 590980.372319 595924.290386 597923.513595 595420.070197 590980.372319 598460.111125 599582.654911 600617.517191 585279.708370 563189.094434 540318.780351 514174.284152 488872.370521 466004.040669 437504.809271 416866.706452 395535.824207 363141.959655 342727.454377 326030.455449 294120.663793 278647.984186 266353.974919 236288.712788 209925.940527 183878.526679 161681.659975 141304.840636 121668.955894 105545.571349 89877.000845 76095.282043 64108.737546 53757.383760 44742.092353 37025.152360 30486.857561 24943.498274 20293.318423 16415.744844 13205.204367 10561.674204 8399.752521 6642.876053 5223.927846 4085.060288 3176.619843 2456.421098 1888.928189 1444.469835 1098.467822 830.723118 624.770873 467.292395 347.588013 257.132227 189.179358 138.430259 100.751614 72.942093 52.723145 38.055473 27.540524 20.137784 15.087170 11.849354 
12.722101 14.983374 19.077556 25.464001 34.824681 48.120716 66.667821 92.234453 127.399278 175.043498 239.215163 325.140799 439.521119 590.885959 790.015717 1050.440006 1388.999009 1826.515975 2388.528584 3106.114447 4016.800467 5165.513239 6605.596366 8399.752521 10621.401987 13355.129416 16696.364023 20757.610836 25660.754432 31541.082077 38523.286684 46819.169462 56576.165444 67860.111314 81075.389858 96238.166374 113638.343420 131781.453378 153935.332408 177156.165543 203461.321498 231383.728044 263649.852516 298932.144879 315312.409083 335497.178760 357692.228174 396362.667106 422803.939379 452017.706530 490629.321853 526505.577653 547846.404948 580857.493733 597102.674840 631399.827950 616501.062439 592387.048085 615684.402312 635368.045888 652626.453241 665322.730377 672290.989783 676347.251721 678353.021632 676347.251721 672290.989783 665322.730377 652626.453241 635368.045888 615684.402312 592387.048085 616501.062439 631399.827950 597102.674840 580857.493082 547846.404948 526505.244917 490629.321854 452010.268973 422803.948781 396190.149411 357692.257788 335476.164145 315312.617091 298931.669705 263649.867489 231383.727101 203461.322201 177156.165543 153935.332410 131781.453378 113638.343420 96238.166374 81075.389858 67860.111314 56576.165444 46819.169462 38523.286684 31541.082077 25660.754432 20757.610836 16696.364023 13355.129416 10621.401987 8399.752521 6605.596366 5165.513239 4016.800467 3106.114447 2388.528584 1826.515975 1388.999009 1050.440006 790.015717 590.885959 439.521119 325.140799 239.215163 175.043498 127.399278 92.234453 66.667821 48.120716 34.824681 25.464001 19.077556 14.983374 
15.996491 18.839766 23.987701 32.017877 43.787792 60.505935 83.826659 115.973582 160.189060 220.095861 300.783908 408.824920 552.644230 742.967065 993.348458 1320.799213 1746.497095 2296.621382 3003.283767 3905.560801 5050.635850 6495.001910 8305.643164 10561.674204 13355.129416 16792.460511 20993.656993 26100.256612 32265.481761 39629.997069 48439.719709 58869.838651 71106.936713 85336.787991 101955.004406 120995.021469 141116.797407 165792.771763 191907.809916 222894.223489 254505.531644 290811.456384 330581.373485 352697.345529 378226.259702 406241.063165 437906.539946 484374.676816 512077.791614 559494.039207 601964.875079 653424.354909 713200.879219 695833.130991 668979.967829 706641.212982 753439.186926 793473.916558 823119.102738 848745.980174 869420.732741 887714.825184 901411.589815 909608.145926 912308.674310 909608.145926 901411.589815 887714.825184 869420.732741 848745.980174 823119.102738 793473.916558 753439.186926 706641.212982 668979.967829 695833.130991 713200.879219 653424.354909 601964.875080 559494.039207 512077.791614 484374.676816 437906.539949 406241.063165 378226.259702 352697.345906 330581.373485 290811.456384 254505.531972 222894.223489 191907.809916 165792.771767 141116.797407 120995.021469 101955.004406 85336.787991 71106.936713 58869.838651 48439.719709 39629.997069 32265.481761 26100.256612 20993.656993 16792.460511 13355.129416 10561.674204 8305.643164 6495.001910 5050.635850 3905.560801 3003.283767 2296.621382 1746.497095 1320.799213 993.348458 742.967065 552.644230 408.824920 300.783908 220.095861 160.189060 115.973582 83.826659 60.505935 43.787792 32.017877 23.987701 18.839766 
