0.001985 0.002773 0.004056 0.005902 0.008536 0.012269 0.017529 0.024891 0.035129 0.049278 0.068705 0.095208 0.131134 0.179517 0.244258 0.330326 0.444006 0.593180 0.787654 1.039529 1.363608 1.777845 2.303828 2.967274 3.798543 4.833126 6.112105 7.682546 9.597788 11.917599 14.708150 18.041762 21.996395 26.654816 32.103435 38.430759 45.725455 54.074031 63.558126 74.251468 86.216547 99.501088 114.134424 130.123907 147.451486 166.070628 185.903735 206.840233 228.735478 251.410640 274.653658 298.221349 321.842712 345.223409 368.051337 390.003199 410.751864 429.974323 447.359952 462.618812 475.489660 485.747383 493.209534 497.741738 499.261709 497.741738 493.209534 485.747383 475.489660 462.618812 447.359952 429.974323 410.751864 390.003199 368.051337 345.223409 321.842712 298.221349 274.653658 251.410640 228.735478 206.840233 185.903735 166.070628 147.451486 130.123907 114.134424 99.501088 86.216547 74.251468 63.558126 54.074031 45.725455 38.430759 32.103435 26.654816 21.996395 18.041762 14.708150 11.917599 9.597788 7.682546 6.112105 4.833126 3.798543 2.967274 2.303828 1.777845 1.363608 1.039529 0.787654 0.593180 0.444006 0.330326 0.244258 0.179517 0.131134 0.095208 0.068705 0.049278 0.035129 0.024891 0.017529 0.012269 0.008536 0.005902 0.004056 0.002773 
0.002773 0.003872 0.005665 0.008243 0.011921 0.017135 0.024480 0.034762 0.049061 0.068820 0.095952 0.132966 0.183138 0.250709 0.341125 0.461326 0.620088 0.828422 1.100020 1.451783 1.904384 2.482898 3.217474 4.144029 5.304960 6.749835 8.536028 10.729270 13.404054 16.643850 20.541070 25.196718 30.719668 37.225514 44.834933 53.671530 63.859139 75.518572 88.763844 103.697924 120.408084 138.960974 159.397561 181.728112 205.927417 231.930491 259.628961 288.868401 319.446806 351.114426 383.575100 416.489205 449.478269 482.131222 514.012191 544.669665 573.646783 600.492435 624.772813 646.082992 664.058128 678.383832 688.805304 695.134878 697.257634 695.134878 688.805304 678.383832 664.058128 646.082992 624.772813 600.492435 573.646783 544.669665 514.012191 482.131222 449.478269 416.489205 383.575100 351.114426 319.446806 288.868401 259.628961 231.930491 205.927417 181.728112 159.397561 138.960974 120.408084 103.697924 88.763844 75.518572 63.859139 53.671530 44.834933 37.225514 30.719668 25.196718 20.541070 16.643850 13.404054 10.729270 8.536028 6.749835 5.304960 4.144029 3.217474 2.482898 1.904384 1.451783 1.100020 0.828422 0.620088 0.461326 0.341125 0.250709 0.183138 0.132966 0.095952 0.068820 0.049061 0.034762 0.024480 0.017135 0.011921 0.008243 0.005665 0.003872 
0.004056 0.005665 0.008288 0.012060 0.017441 0.025069 0.035816 0.050858 0.071777 0.100687 0.140381 0.194534 0.267938 0.366797 0.499078 0.674937 0.907213 1.212012 1.609371 2.124013 2.786185 3.632573 4.707284 6.062868 7.761354 9.875260 12.488527 15.697321 19.610630 24.350572 30.052350 36.863736 44.944018 54.462313 65.595176 78.523446 93.428297 110.486481 129.864808 151.713922 176.161508 203.305077 233.204565 265.874992 301.279476 339.322941 379.846834 422.625222 467.362567 513.693474 561.184648 609.339209 657.603437 705.375923 752.018968 796.871993 839.266595 878.542783 914.065879 945.243465 971.541759 992.500796 1007.747798 1017.008199 1020.113871 1017.008199 1007.747798 992.500796 971.541759 945.243465 914.065879 878.542783 839.266595 796.871993 752.018968 705.375923 657.603437 609.339209 561.184648 513.693474 467.362567 422.625222 379.846834 339.322941 301.279476 265.874992 233.204565 203.305077 176.161508 151.713922 129.864808 110.486481 93.428297 78.523446 65.595176 54.462313 44.944018 36.863736 30.052350 24.350572 19.610630 15.697321 12.488527 9.875260 7.761354 6.062868 4.707284 3.632573 2.786185 2.124013 1.609371 1.212012 0.907213 0.674937 0.499078 0.366797 0.267938 0.194534 0.140381 0.100687 0.071777 0.050858 0.035816 0.025069 0.017441 0.012060 0.008288 0.005665 
0.005902 0.008243 0.012060 0.017548 0.025377 0.036477 0.052113 0.074000 0.104439 0.146503 0.204259 0.283054 0.389860 0.533703 0.726177 0.982057 1.320026 1.763520 2.341692 3.090515 4.053998 5.285523 6.849265 8.821688 11.293046 14.368854 18.171250 22.840160 28.534162 35.430947 43.727236 53.638045 65.395142 79.244600 95.443311 114.254403 135.941490 160.761754 188.957908 220.749146 256.321251 295.816108 339.320925 386.857556 438.372339 493.726931 552.690635 614.934709 680.029135 747.442251 816.543596 886.610192 956.836358 1026.347022 1094.214309 1159.477054 1221.162705 1278.310954 1329.998321 1375.362815 1413.627767 1444.123910 1466.308840 1479.783053 1484.301916 1479.783053 1466.308840 1444.123910 1413.627767 1375.362815 1329.998321 1278.310954 1221.162705 1159.477054 1094.214309 1026.347022 956.836358 886.610192 816.543596 747.442251 680.029135 614.934709 552.690635 493.726931 438.372339 386.857556 339.320925 295.816108 256.321251 220.749146 188.957908 160.761754 135.941490 114.254403 95.443311 79.244600 65.395142 53.638045 43.727236 35.430947 28.534162 22.840160 18.171250 14.368854 11.293046 8.821688 6.849265 5.285523 4.053998 3.090515 2.341692 1.763520 1.320026 0.982057 0.726177 0.533703 0.389860 0.283054 0.204259 0.146503 0.104439 0.074000 0.052113 0.036477 0.025377 0.017548 0.012060 0.008243 
0.008536 0.011921 0.017441 0.025377 0.036700 0.052753 0.075366 0.107017 0.151038 0.211871 0.295398 0.409350 0.563812 0.771836 1.050190 1.420242 1.909010 2.550386 3.386533 4.469474 5.862855 7.643875 9.905345 12.757846 16.331900 20.780106 26.279097 33.031233 41.265847 51.239914 63.237933 77.570854 94.573862 114.602821 138.029250 165.233682 196.597351 232.492191 273.269213 319.245413 370.689469 427.806573 490.722845 559.469890 633.970102 714.023411 799.296184 889.313000 983.451968 1080.944205 1180.877944 1282.207619 1383.768064 1484.293755 1582.442811 1676.825202 1766.034431 1848.681710 1923.431511 1989.037231 2044.375657 2088.478903 2120.562547 2140.048832 2146.583971 2140.048832 2120.562547 2088.478903 2044.375657 1989.037231 1923.431511 1848.681710 1766.034431 1676.825202 1582.442811 1484.293755 1383.768064 1282.207619 1180.877944 1080.944205 983.451968 889.313000 799.296184 714.023411 633.970102 559.469890 490.722845 427.806573 370.689469 319.245413 273.269213 232.492191 196.597351 165.233682 138.029250 114.602821 94.573862 77.570854 63.237933 51.239914 41.265847 33.031233 26.279097 20.780106 16.331900 12.757846 9.905345 7.643875 5.862855 4.469474 3.386533 2.550386 1.909010 1.420242 1.050190 0.771836 0.563812 0.409350 0.295398 0.211871 0.151038 0.107017 0.075366 0.052753 0.036700 0.025377 0.017441 0.011921 
0.012269 0.017135 0.025069 0.036477 0.052753 0.075827 0.108331 0.153827 0.217102 0.304543 0.424605 0.588399 0.810423 1.109437 1.509542 2.041454 2.744010 3.665923 4.867800 6.424418 8.427262 10.987298 14.237934 18.338115 23.475458 29.869305 37.773550 47.479063 59.315490 73.652204 90.898145 111.500273 135.940380 164.729987 198.403114 237.506738 282.588846 334.184056 392.796908 458.883055 532.828693 614.928763 705.364553 804.181491 911.268025 1026.336575 1148.907579 1278.297665 1413.612929 1553.748178 1697.392840 1843.044019 1989.026906 2133.522440 2274.601800 2410.266959 2538.496221 2657.293342 2764.738635 2859.040235 2938.583636 3001.977600 3048.094600 3076.104167 3085.497770 3076.104167 3048.094600 3001.977600 2938.583636 2859.040235 2764.738635 2657.293342 2538.496221 2410.266959 2274.601800 2133.522440 1989.026906 1843.044019 1697.392840 1553.748178 1413.612929 1278.297665 1148.907579 1026.336575 911.268025 804.181491 705.364553 614.928763 532.828693 458.883055 392.796908 334.184056 282.588846 237.506738 198.403114 164.729987 135.940380 111.500273 90.898145 73.652204 59.315490 47.479063 37.773550 29.869305 23.475458 18.338115 14.237934 10.987298 8.427262 6.424418 4.867800 3.665923 2.744010 2.041454 1.509542 1.109437 0.810423 0.588399 0.424605 0.304543 0.217102 0.153827 0.108331 0.075827 0.052753 0.036477 0.025069 0.017135 
0.017529 0.024480 0.035816 0.052113 0.075366 0.108331 0.154768 0.219766 0.310166 0.435089 0.606616 0.840623 1.157819 1.585009 2.156623 2.916545 3.920258 5.237360 6.954434 9.178313 12.039698 15.697120 20.341176 26.198943 33.538463 42.673099 53.965583 67.831467 84.741704 105.224003 129.862599 159.296048 194.212666 235.343244 283.450714 339.316522 403.723554 477.435597 561.173471 655.588146 761.231366 878.524503 1007.726554 1148.902421 1301.892735 1466.286640 1641.399005 1826.253525 2019.573113 2219.778823 2424.998294 2633.084397 2841.644398 3048.079476 3249.634000 3443.453469 3626.649565 3796.370333 3949.873191 4084.598172 4198.238697 4288.807157 4354.692697 4394.708863 4408.129133 4394.708863 4354.692697 4288.807157 4198.238697 4084.598172 3949.873191 3796.370333 3626.649565 3443.453469 3249.634000 3048.079476 2841.644398 2633.084397 2424.998294 2219.778823 2019.573113 1826.253525 1641.399005 1466.286640 1301.892735 1148.902421 1007.726554 878.524503 761.231366 655.588146 561.173471 477.435597 403.723554 339.316522 283.450714 235.343244 194.212666 159.296048 129.862599 105.224003 84.741704 67.831467 53.965583 42.673099 33.538463 26.198943 20.341176 15.697120 12.039698 9.178313 6.954434 5.237360 3.920258 2.916545 2.156623 1.585009 1.157819 0.840623 0.606616 0.435089 0.310166 0.219766 0.154768 0.108331 0.075366 0.052113 0.035816 0.024480 
0.024891 0.034762 0.050858 0.074000 0.107017 0.153827 0.219766 0.312063 0.440427 0.617815 0.861379 1.193664 1.644074 2.250673 3.062352 4.141421 5.566670 7.436921 9.875124 13.032977 17.096073 22.289523 28.883967 37.201852 47.623788 60.594746 76.629793 96.319006 120.331124 149.415483 184.401680 226.196451 275.777186 334.181590 402.493007 481.821074 573.277467 677.946747 796.852458 930.918962 1080.929724 1247.483079 1430.946798 1631.413039 1848.655503 2082.090785 2330.746015 2593.234863 2867.743900 3152.031060 3443.437635 3738.914758 4035.064804 4328.197512 4614.399954 4889.618810 5149.752737 5390.752033 5608.722298 5800.028440 5961.395176 6090.000151 6183.555989 6240.377956 6259.434408 6240.377956 6183.555989 6090.000151 5961.395176 5800.028440 5608.722298 5390.752033 5149.752737 4889.618810 4614.399954 4328.197512 4035.064804 3738.914758 3443.437635 3152.031060 2867.743900 2593.234863 2330.746015 2082.090785 1848.655503 1631.413039 1430.946798 1247.483079 1080.929724 930.918962 796.852458 677.946747 573.277467 481.821074 402.493007 334.181590 275.777186 226.196451 184.401680 149.415483 120.331124 96.319006 76.629793 60.594746 47.623788 37.201852 28.883967 22.289523 17.096073 13.032977 9.875124 7.436921 5.566670 4.141421 3.062352 2.250673 1.644074 1.193664 0.861379 0.617815 0.440427 0.312063 0.219766 0.153827 0.107017 0.074000 0.050858 0.034762 
0.035129 0.049061 0.071777 0.104439 0.151038 0.217102 0.310166 0.440427 0.621594 0.871949 1.215702 1.684669 2.320352 3.176471 4.322028 5.844965 7.856479 10.496045 13.937185 18.393998 24.128419 31.458156 40.765177 52.504563 67.213487 85.519955 108.150903 135.939130 169.828459 210.876457 260.253973 319.240718 389.216129 471.644760 568.055584 680.014674 809.090991 956.815220 1124.631932 1313.845719 1525.562318 1760.626187 2019.556375 2302.482949 2609.086523 2938.543713 3289.481467 3659.943197 4047.369533 4448.596153 4859.870708 5276.890200 5694.859418 6108.570137 6512.499875 6900.928010 7268.066139 7608.198746 7915.829496 8185.828032 8413.571803 8595.077500 8727.116854 8807.312123 8834.207309 8807.312123 8727.116854 8595.077500 8413.571803 8185.828032 7915.829496 7608.198746 7268.066139 6900.928010 6512.499875 6108.570137 5694.859418 5276.890200 4859.870708 4448.596153 4047.369533 3659.943197 3289.481467 2938.543713 2609.086523 2302.482949 2019.556375 1760.626187 1525.562318 1313.845719 1124.631932 956.815220 809.090991 680.014674 568.055584 471.644760 389.216129 319.240718 260.253973 210.876457 169.828459 135.939130 108.150903 85.519955 67.213487 52.504563 40.765177 31.458156 24.128419 18.393998 13.937185 10.496045 7.856479 5.844965 4.322028 3.176471 2.320352 1.684669 1.215702 0.871949 0.621594 0.440427 0.310166 0.217102 0.151038 0.104439 0.071777 0.049061 
0.049278 0.068820 0.100687 0.146503 0.211871 0.304543 0.435089 0.617815 0.871949 1.223138 1.705341 2.363191 3.254903 4.455835 6.062779 8.199099 11.020776 14.723460 19.550563 25.802414 33.846446 44.128327 57.183868 73.651441 94.284571 119.964200 151.710049 190.690336 238.229022 295.809622 365.074557 447.818961 545.977855 661.605662 796.847166 953.899198 1134.962637 1342.184669 1577.591688 1843.013724 2140.001866 2469.740685 2832.958286 3229.837122 3659.929168 4122.079416 4614.361795 5134.031680 5677.498880 6240.324604 6817.245194 7402.224570 7988.536184 8568.874136 9135.491693 9680.364179 10195.371840 10672.497162 11104.030094 11482.773960 11802.244420 12056.853835 12242.073711 12354.568641 12392.296204 12354.568641 12242.073711 12056.853835 11802.244420 11482.773960 11104.030094 10672.497162 10195.371840 9680.364179 9135.491693 8568.874136 7988.536184 7402.224570 6817.245194 6240.324604 5677.498880 5134.031680 4614.361795 4122.079416 3659.929168 3229.837122 2832.958286 2469.740685 2140.001866 1843.013724 1577.591688 1342.184669 1134.962637 953.899198 796.847166 661.605662 545.977855 447.818961 365.074557 295.809622 238.229022 190.690336 151.710049 119.964200 94.284571 73.651441 57.183868 44.128327 33.846446 25.802414 19.550563 14.723460 11.020776 8.199099 6.062779 4.455835 3.254903 2.363191 1.705341 1.223138 0.871949 0.617815 0.435089 0.304543 0.211871 0.146503 0.100687 0.068820 
0.068705 0.095952 0.140381 0.204259 0.295398 0.424605 0.606616 0.861379 1.215702 1.705341 2.377646 3.294843 4.538099 6.212480 8.452938 11.431469 15.365548 20.527959 27.258074 35.974622 47.189890 61.525247 79.727735 102.687398 131.454824 167.258255 211.519421 265.867092 332.147179 412.428052 508.999631 624.364755 761.221294 922.433600 1110.992004 1329.959403 1582.404340 1871.320498 2199.533142 2569.593767 2983.664952 3443.398270 3949.808869 4503.151130 5102.800404 5747.146336 6433.503532 7158.045341 7915.766194 8700.477371 9504.840103 10320.438672 11137.894695 11947.022030 12737.019915 13496.700065 14214.741640 14879.966341 15481.624547 16009.682403 16455.099218 16810.084511 17068.324497 17225.168838 17277.769916 17225.168838 17068.324497 16810.084511 16455.099218 16009.682403 15481.624547 14879.966341 14214.741640 13496.700065 12737.019915 11947.022030 11137.894695 10320.438672 9504.840103 8700.477371 7915.766194 7158.045341 6433.503532 5747.146336 5102.800404 4503.151130 3949.808869 3443.398270 2983.664952 2569.593767 2199.533142 1871.320498 1582.404340 1329.959403 1110.992004 922.433600 761.221294 624.364755 508.999631 412.428052 332.147179 265.867092 211.519421 167.258255 131.454824 102.687398 79.727735 61.525247 47.189890 35.974622 27.258074 20.527959 15.365548 11.431469 8.452938 6.212480 4.538099 3.294843 2.377646 1.705341 1.215702 0.861379 0.606616 0.424605 0.295398 0.204259 0.140381 0.095952 
0.095208 0.132966 0.194534 0.283054 0.409350 0.588399 0.840623 1.193664 1.684669 2.363191 3.294843 4.565857 6.288711 8.608998 11.713732 15.841256 21.292942 28.446797 37.773112 49.852143 65.393799 85.259143 110.483399 142.299950 182.164660 231.779574 293.114868 368.427623 460.275827 571.525742 705.350643 865.218861 1054.868995 1278.270343 1539.566782 1843.002751 2192.830507 2593.198571 3048.022083 3560.836796 4134.639524 4771.718947 5473.481816 6240.280643 7071.249813 7964.157763 8915.283187 9919.323268 10969.341495 12056.761800 13171.414415 14301.637189 15434.433946 16555.689152 17650.435556 18703.168898 19698.201223 20620.042108 21453.795174 22185.555917 22802.796123 23294.720063 23652.578359 23869.926760 23942.819161 23869.926760 23652.578359 23294.720063 22802.796123 22185.555917 21453.795174 20620.042108 19698.201223 18703.168898 17650.435556 16555.689152 15434.433946 14301.637189 13171.414415 12056.761800 10969.341495 9919.323268 8915.283187 7964.157763 7071.249813 6240.280643 5473.481816 4771.718947 4134.639524 3560.836796 3048.022083 2593.198571 2192.830507 1843.002751 1539.566782 1278.270343 1054.868995 865.218861 705.350643 571.525742 460.275827 368.427623 293.114868 231.779574 182.164660 142.299950 110.483399 85.259143 65.393799 49.852143 37.773112 28.446797 21.292942 15.841256 11.713732 8.608998 6.288711 4.565857 3.294843 2.363191 1.684669 1.193664 0.840623 0.588399 0.409350 0.283054 0.194534 0.132966 
0.131134 0.183138 0.267938 0.389860 0.563812 0.810423 1.157819 1.644074 2.320352 3.254903 4.538099 6.288711 8.661655 11.857466 16.133722 21.818702 29.327494 39.180744 52.026195 68.663056 90.069108 117.430324 152.172551 195.994571 250.901594 319.237907 403.717097 507.447921 633.953583 787.181882 971.503480 1191.695424 1452.907017 1760.605307 2120.497798 2538.430499 3020.260189 3571.700770 4198.144692 4904.461874 5694.779927 6572.251128 7538.813044 8594.951201 9739.473359 10969.305908 12279.323370 13662.221991 15108.447881 16606.188926 18141.437961 19698.132306 21258.371886 22802.714893 24310.546425 25760.511934 27131.003867 28400.686735 29549.043246 30556.922256 31407.068227 32084.611836 32577.502262 32876.863623 32977.260810 32876.863623 32577.502262 32084.611836 31407.068227 30556.922256 29549.043246 28400.686735 27131.003867 25760.511934 24310.546425 22802.714893 21258.371886 19698.132306 18141.437961 16606.188926 15108.447881 13662.221991 12279.323370 10969.305908 9739.473359 8594.951201 7538.813044 6572.251128 5694.779927 4904.461874 4198.144692 3571.700770 3020.260189 2538.430499 2120.497798 1760.605307 1452.907017 1191.695424 971.503480 787.181882 633.953583 507.447921 403.717097 319.237907 250.901594 195.994571 152.172551 117.430324 90.069108 68.663056 52.026195 39.180744 29.327494 21.818702 16.133722 11.857466 8.661655 6.288711 4.538099 3.254903 2.320352 1.644074 1.157819 0.810423 0.563812 0.389860 0.267938 0.183138 
0.179517 0.250709 0.366797 0.533703 0.771836 1.109437 1.585009 2.250673 3.176471 4.455835 6.212480 8.608998 11.857466 16.232405 22.086431 29.868946 40.148187 53.636899 71.221817 93.997026 123.301070 160.757500 208.318243 268.308868 343.474425 437.024153 552.672845 694.676268 867.857550 1077.621070 1329.950097 1631.384218 1988.972627 2410.199497 2902.878179 3475.011626 4134.617544 4889.518034 5747.095153 6714.015626 7795.929992 8997.153593 10320.338883 11766.150528 13332.956398 15016.548843 16809.911281 18703.045164 20682.871591 22733.220240 24834.915854 26965.969256 29101.875944 31216.020849 33280.182979 35265.128796 37141.278411 38879.424375 40451.479325 41831.226094 42995.042529 43922.573110 44597.320740 45007.134682 45144.574487 45007.134682 44597.320740 43922.573110 42995.042529 41831.226094 40451.479325 38879.424375 37141.278411 35265.128796 33280.182979 31216.020849 29101.875944 26965.969256 24834.915854 22733.220240 20682.871591 18703.045164 16809.911281 15016.548843 13332.956398 11766.150528 10320.338883 8997.153593 7795.929992 6714.015626 5747.095153 4889.518034 4134.617544 3475.011626 2902.878179 2410.199497 1988.972627 1631.384218 1329.950097 1077.621070 867.857550 694.676268 552.672845 437.024153 343.474425 268.308868 208.318243 160.757500 123.301070 93.997026 71.221817 53.636899 40.148187 29.868946 22.086431 16.232405 11.857466 8.608998 6.212480 4.455835 3.176471 2.250673 1.585009 1.109437 0.771836 0.533703 0.366797 0.250709 
0.244258 0.341125 0.499078 0.726177 1.050190 1.509542 2.156623 3.062352 4.322028 6.062779 8.452938 11.713732 16.133722 22.086431 30.051643 40.640831 54.627159 72.980415 96.907128 127.895948 167.768151 218.732802 283.445768 365.071306 467.344438 594.631775 751.987807 945.203095 1180.840170 1466.252438 1809.580960 2219.723753 2706.272216 3279.409604 3949.767060 4728.233707 5625.718742 6652.865217 7819.717440 9135.346411 10607.440471 12241.871239 14042.247745 16009.474358 18141.330341 20432.090604 22872.208117 25448.078474 28141.906021 30931.688800 33791.336224 36690.928976 39597.125295 42473.711700 45282.289629 47983.082815 50535.843726 52900.831594 55039.829676 56917.165892 58500.699039 59762.732618 60680.820047 61238.428568 61425.434422 61238.428568 60680.820047 59762.732618 58500.699039 56917.165892 55039.829676 52900.831594 50535.843726 47983.082815 45282.289629 42473.711700 39597.125295 36690.928976 33791.336224 30931.688800 28141.906021 25448.078474 22872.208117 20432.090604 18141.330341 16009.474358 14042.247745 12241.871239 10607.440471 9135.346411 7819.717440 6652.865217 5625.718742 4728.233707 3949.767060 3279.409604 2706.272216 2219.723753 1809.580960 1466.252438 1180.840170 945.203095 751.987807 594.631775 467.344438 365.071306 283.445768 218.732802 167.768151 127.895948 96.907128 72.980415 54.627159 40.640831 30.051643 22.086431 16.133722 11.713732 8.452938 6.062779 4.322028 3.062352 2.156623 1.509542 1.050190 0.726177 0.499078 0.341125 
0.330326 0.461326 0.674937 0.982057 1.420242 2.041454 2.916545 4.141421 5.844965 8.199099 11.431469 15.841256 21.818702 29.868946 40.640831 54.961292 73.875932 98.696258 131.053939 172.962177 226.884003 295.806882 383.322520 493.710151 632.020894 804.160005 1016.963009 1278.260864 1596.928516 1982.910463 2447.216406 3001.879719 3659.871490 4434.963210 5341.532077 6394.304179 7608.032744 8997.111077 10575.122764 12354.335118 14345.145595 16555.494773 18990.263384 21650.674466 24533.724769 27631.671873 30931.604698 34415.125101 38058.166838 41830.975204 45698.266165 49619.577842 53549.819963 57440.018631 61238.244925 64890.706758 68342.974724 71541.304744 74434.013781 76972.860115 79114.377064 80821.108813 82062.699361 82816.790364 83069.690789 82816.790364 82062.699361 80821.108813 79114.377064 76972.860115 74434.013781 71541.304744 68342.974724 64890.706758 61238.244925 57440.018631 53549.819963 49619.577842 45698.266165 41830.975204 38058.166838 34415.125101 30931.604698 27631.671873 24533.724769 21650.674466 18990.263384 16555.494773 14345.145595 12354.335118 10575.122764 8997.111077 7608.032744 6394.304179 5341.532077 4434.963210 3659.871490 3001.879719 2447.216406 1982.910463 1596.928516 1278.260864 1016.963009 804.160005 632.020894 493.710151 383.322520 295.806882 226.884003 172.962177 131.053939 98.696258 73.875932 54.961292 40.640831 29.868946 21.818702 15.841256 11.431469 8.199099 5.844965 4.141421 2.916545 2.041454 1.420242 0.982057 0.674937 0.461326 
0.444006 0.620088 0.907213 1.320026 1.909010 2.744010 3.920258 5.566670 7.856479 11.020776 15.365548 21.292942 29.327494 40.148187 54.627159 73.875932 99.299945 132.662057 176.155464 232.486201 304.964940 397.607266 515.240951 663.617905 849.527563 1080.907445 1366.945485 1718.167623 2146.503072 2665.318679 3289.413072 4034.960850 4919.397030 5961.232493 7179.792272 8594.870360 10226.297232 12093.419574 14214.495691 16606.014628 19281.952069 22252.981300 25525.662735 29101.640310 32976.877225 37140.966546 41576.553911 46258.909555 51155.684962 56226.885501 61425.084323 66695.894808 71978.709101 77207.699198 82313.065111 87222.502491 91862.850336 96161.868826 100050.088477 103462.665435 106341.174188 108635.268700 110304.146111 111317.753570 111657.688347 111317.753570 110304.146111 108635.268700 106341.174188 103462.665435 100050.088477 96161.868826 91862.850336 87222.502491 82313.065111 77207.699198 71978.709101 66695.894808 61425.084323 56226.885501 51155.684962 46258.909555 41576.553911 37140.966546 32976.877225 29101.640310 25525.662735 22252.981300 19281.952069 16606.014628 14214.495691 12093.419574 10226.297232 8594.870360 7179.792272 5961.232493 4919.397030 4034.960850 3289.413072 2665.318679 2146.503072 1718.167623 1366.945485 1080.907445 849.527563 663.617905 515.240951 397.607266 304.964940 232.486201 176.155464 132.662057 99.299945 73.875932 54.627159 40.148187 29.327494 21.292942 15.365548 11.020776 7.856479 5.566670 3.920258 2.744010 1.909010 1.320026 0.907213 0.620088 
0.593180 0.828422 1.212012 1.763520 2.550386 3.665923 5.237360 7.436921 10.496045 14.723460 20.527959 28.446797 39.180744 53.636899 72.980415 98.696258 132.662057 177.232941 235.338963 310.595313 407.424959 531.192615 688.348055 886.575675 1134.945980 1444.063280 1826.202409 2295.425741 2867.670383 3560.794082 4394.567408 5390.599191 6572.182145 7964.046307 9592.009404 11482.515677 13662.058107 16156.483347 18990.184001 22185.188990 25760.169452 29729.384612 34101.599003 38879.008882 44056.221190 49619.332546 55545.157989 61800.659216 68342.619480 75117.607031 82062.260872 89103.921942 96161.619777 103147.409934 109968.041506 116526.917825 122726.297763 128469.670860 133664.227755 138223.338804 142068.949092 145133.797669 147363.373013 148717.525320 149171.669042 148717.525320 147363.373013 145133.797669 142068.949092 138223.338804 133664.227755 128469.670860 122726.297763 116526.917825 109968.041506 103147.409934 96161.619777 89103.921942 82062.260872 75117.607031 68342.619480 61800.659216 55545.157989 49619.332546 44056.221190 38879.008882 34101.599003 29729.384612 25760.169452 22185.188990 18990.184001 16156.483347 13662.058107 11482.515677 9592.009404 7964.046307 6572.182145 5390.599191 4394.567408 3560.794082 2867.670383 2295.425741 1826.202409 1444.063280 1134.945980 886.575675 688.348055 531.192615 407.424959 310.595313 235.338963 177.232941 132.662057 98.696258 72.980415 53.636899 39.180744 28.446797 20.527959 14.723460 10.496045 7.436921 5.237360 3.665923 2.550386 1.763520 1.212012 0.828422 
0.787654 1.100020 1.609371 2.341692 3.386533 4.867800 6.954434 9.875124 13.937185 19.550563 27.258074 37.773112 52.026195 71.221817 96.907128 131.053939 176.155464 235.338963 312.495110 412.424341 540.999697 705.344721 914.023752 1177.240523 1507.039315 1917.501076 2424.924954 3047.983692 3807.839394 4728.204489 5835.331352 7157.913293 8726.879568 10575.067986 12736.760643 15247.071557 18141.179463 21453.404867 25216.137517 29458.628541 34205.670432 39476.197315 45281.847189 51625.536353 58500.103631 65887.087399 73755.701483 82062.075932 90748.825341 99745.000299 108966.466835 118316.744530 127688.316662 136964.406101 146021.189525 154730.400938 162962.254669 170588.599196 177486.197503 183540.018317 188646.416330 192716.079015 195676.623181 197474.735870 198077.771130 197474.735870 195676.623181 192716.079015 188646.416330 183540.018317 177486.197503 170588.599196 162962.254669 154730.400938 146021.189525 136964.406101 127688.316662 118316.744530 108966.466835 99745.000299 90748.825341 82062.075932 73755.701483 65887.087399 58500.103631 51625.536353 45281.847189 39476.197315 34205.670432 29458.628541 25216.137517 21453.404867 18141.179463 15247.071557 12736.760643 10575.067986 8726.879568 7157.913293 5835.331352 4728.204489 3807.839394 3047.983692 2424.924954 1917.501076 1507.039315 1177.240523 914.023752 705.344721 540.999697 412.424341 312.495110 235.338963 176.155464 131.053939 96.907128 71.221817 52.026195 37.773112 27.258074 19.550563 13.937185 9.875124 6.954434 4.867800 3.386533 2.341692 1.609371 1.100020 
1.039529 1.451783 2.124013 3.090515 4.469474 6.424418 9.178313 13.032977 18.393998 25.802414 35.974622 49.852143 68.663056 93.997026 127.895948 172.962177 232.486201 310.595313 412.424341 544.308796 713.999792 930.898828 1206.308935 1553.696783 1988.958152 2530.676777 3200.363924 4022.663477 5025.504728 6240.182832 7701.345111 9446.860378 11517.548404 13956.747821 16809.703407 20122.757888 23942.339404 28313.743423 33279.717238 38878.865862 45143.909893 52099.838185 59762.010318 68134.275162 77207.181549 86956.364226 97341.192258 108303.767028 119768.352509 131641.311190 143811.604861 156151.900736 168520.300553 180762.684360 192715.632793 204209.863144 215074.087070 225139.172940 234242.475185 242232.178000 248971.492530 254342.546010 258249.808547 260622.919080 261418.792076 260622.919080 258249.808547 254342.546010 248971.492530 242232.178000 234242.475185 225139.172940 215074.087070 204209.863144 192715.632793 180762.684360 168520.300553 156151.900736 143811.604861 131641.311190 119768.352509 108303.767028 97341.192258 86956.364226 77207.181549 68134.275162 59762.010318 52099.838185 45143.909893 38878.865862 33279.717238 28313.743423 23942.339404 20122.757888 16809.703407 13956.747821 11517.548404 9446.860378 7701.345111 6240.182832 5025.504728 4022.663477 3200.363924 2530.676777 1988.958152 1553.696783 1206.308935 930.898828 713.999792 544.308796 412.424341 310.595313 232.486201 172.962177 127.895948 93.997026 68.663056 49.852143 35.974622 25.802414 18.393998 13.032977 9.178313 6.424418 4.469474 3.090515 2.124013 1.451783 
1.363608 1.904384 2.786185 4.053998 5.862855 8.427262 12.039698 17.096073 24.128419 33.846446 47.189890 65.393799 90.069108 123.301070 167.768151 226.884003 304.964940 407.424959 540.999697 713.999792 936.592806 1221.111203 1582.381792 2038.069542 2609.025825 3319.627946 4198.093418 5276.748978 6592.231015 8185.591107 10102.278050 12391.966450 15108.201845 18307.833907 22050.212696 26396.128517 31406.483715 37140.694847 43654.835889 50999.547159 59217.750068 68342.223869 78393.116568 89375.476939 101276.907367 114065.446608 127687.796829 142068.009229 157106.736696 172681.149753 188645.593475 204833.038441 221057.348891 237116.357210 252795.697226 267873.311489 282124.511537 295327.438357 307268.740697 317749.273402 326589.602125 333635.056125 338759.758413 341872.639432 342916.626566 341872.639432 338759.758413 333635.056125 326589.602125 317749.273402 307268.740697 295327.438357 282124.511537 267873.311489 252795.697226 237116.357210 221057.348891 204833.038441 188645.593475 172681.149753 157106.736696 142068.009229 127687.796829 114065.446608 101276.907367 89375.476939 78393.116568 68342.223869 59217.750068 50999.547159 43654.835889 37140.694847 31406.483715 26396.128517 22050.212696 18307.833907 15108.201845 12391.966450 10102.278050 8185.591107 6592.231015 5276.748978 4198.093418 3319.627946 2609.025825 2038.069542 1582.381792 1221.111203 936.592806 713.999792 540.999697 407.424959 304.964940 226.884003 167.768151 123.301070 90.069108 65.393799 47.189890 33.846446 24.128419 17.096073 12.039698 8.427262 5.862855 4.053998 2.786185 1.904384 
1.777845 2.482898 3.632573 5.285523 7.643875 10.987298 15.697120 22.289523 31.458156 44.128327 61.525247 85.259143 117.430324 160.757500 218.732802 295.806882 397.607266 531.192615 705.344721 930.898828 1221.111203 1592.060671 2063.078130 2657.194819 3401.596345 4328.065356 5473.391289 6879.721106 8594.820607 10672.212027 13171.150610 16156.401127 19697.775192 23869.392284 28748.631841 34414.751060 40947.153216 48423.304444 56916.312886 66492.202389 77206.933039 89103.241781 102207.397185 116525.981745 132042.831693 148716.276593 166476.827782 185225.464712 204832.660581 225138.272745 245952.399185 267057.270243 288210.205781 309147.623525 329590.036418 349247.876297 367827.594124 385041.217804 400610.016102 414274.296290 425799.722236 434962.127206 441345.708429 445378.109122 446737.785437 445378.109122 441345.708429 434962.127206 425799.722236 414274.296290 400610.016102 385041.217804 367827.594124 349247.876297 329590.036418 309147.623525 288210.205781 267057.270243 245952.399185 225138.272745 204832.660581 185225.464712 166476.827782 148716.276593 132042.831693 116525.981745 102207.397185 89103.241781 77206.933039 66492.202389 56916.312886 48423.304444 40947.153216 34414.751060 28748.631841 23869.392284 19697.775192 16156.401127 13171.150610 10672.212027 8594.820607 6879.721106 5473.391289 4328.065356 3401.596345 2657.194819 2063.078130 1592.060671 1221.111203 930.898828 705.344721 531.192615 397.607266 295.806882 218.732802 160.757500 117.430324 85.259143 61.525247 44.128327 31.458156 22.289523 15.697120 10.987298 7.643875 5.285523 3.632573 2.482898 
2.303828 3.217474 4.707284 6.849265 9.905345 14.237934 20.341176 28.883967 40.765177 57.183868 79.727735 110.483399 152.172551 208.318243 283.445768 383.322520 515.240951 688.348055 914.023752 1206.308935 1582.381792 2063.078130 2673.447971 3443.336437 4407.972105 5608.540646 7092.715795 8915.113861 11137.632348 13829.628252 17067.887719 20936.336433 25525.440051 30931.246593 37254.028511 44596.491558 53061.530782 62749.530981 73755.229631 86164.183996 100048.910174 115464.789007 132445.860722 151000.655274 171108.226778 192714.576433 215729.657082 240025.152554 265433.215032 291746.323031 318718.391257 346067.220891 373478.276505 400609.345340 427099.192856 452547.968979 476305.954502 498571.476916 518730.354868 536423.538481 551332.728289 562338.348084 559629.557404 563889.253001 565596.395830 563889.253001 559629.557404 562338.348084 551332.728289 536423.538481 518730.354868 498571.476916 476305.954502 452547.968979 427099.192856 400609.345340 373478.276505 346067.220891 318718.391257 291746.323031 265433.215032 240025.152554 215729.657082 192714.576433 171108.226778 151000.655274 132445.860722 115464.789007 100048.910174 86164.183996 73755.229631 62749.530981 53061.530782 44596.491558 37254.028511 30931.246593 25525.440051 20936.336433 17067.887719 13829.628252 11137.632348 8915.113861 7092.715795 5608.540646 4407.972105 3443.336437 2673.447971 2063.078130 1582.381792 1206.308935 914.023752 688.348055 515.240951 383.322520 283.445768 208.318243 152.172551 110.483399 79.727735 57.183868 40.765177 28.883967 20.341176 14.237934 9.905345 6.849265 4.707284 3.217474 
2.967274 4.144029 6.062868 8.821688 12.757846 18.338115 26.198943 37.201852 52.504563 73.651441 102.687398 142.299950 195.994571 268.308868 365.071306 493.710151 663.617905 886.575675 1177.240523 1553.696783 2038.069542 2657.194819 3443.336437 4434.934192 5677.361641 7223.664934 9135.246691 11482.451399 14345.001546 17812.227273 21983.027280 26965.495820 32876.150477 39838.698780 47982.289226 57439.204348 68341.970481 80819.880821 94994.954951 110977.388560 128860.580631 148715.860352 170587.070716 194485.198094 220383.264696 248211.721368 277854.589546 309146.601102 341871.572082 375762.218581 410501.525160 445724.869911 481002.919529 515605.763668 549657.742399 581493.750804 600331.569462 627484.758908 652840.714356 675108.218523 693886.859197 708618.077345 716463.829211 722811.031795 725014.332422 722811.031795 716463.829211 708618.077345 693886.859197 675108.218523 652840.714356 627484.758908 600331.569462 581493.750804 549657.742399 515605.763668 481002.919529 445724.869911 410501.525160 375762.218581 341871.572082 309146.601102 277854.589546 248211.721368 220383.264696 194485.198094 170587.070716 148715.860352 128860.580631 110977.388560 94994.954951 80819.880821 68341.970481 57439.204348 47982.289226 39838.698780 32876.150477 26965.495820 21983.027280 17812.227273 14345.001546 11482.451399 9135.246691 7223.664934 5677.361641 4434.934192 3443.336437 2657.194819 2038.069542 1553.696783 1177.240523 886.575675 663.617905 493.710151 365.071306 268.308868 195.994571 142.299950 102.687398 73.651441 52.504563 37.201852 26.198943 18.338115 12.757846 8.821688 6.062868 4.144029 
3.798543 5.304960 7.761354 11.293046 16.331900 23.475458 33.538463 47.623788 67.213487 94.284571 131.454824 182.164660 250.901594 343.474425 467.344438 632.020894 849.527563 1134.945980 1507.039315 1988.958152 2609.025825 3401.596345 4407.972105 5677.361641 7267.849714 9247.343123 11694.446163 14699.210020 18363.691093 22802.244968 28141.476384 34519.761730 42086.260480 50999.336288 61424.318040 73530.546640 87487.675098 103461.217536 121607.376788 142067.219386 164960.309630 190377.959268 218376.293714 248969.377128 282122.674004 317747.151302 355694.339563 395752.670336 437645.328836 481028.911894 525471.038168 570172.203790 614292.384857 645979.553272 687684.097803 728429.308114 763941.296425 799440.215199 831760.627532 860130.914062 884080.049644 904264.245730 932361.120570 942033.977241 944929.256523 942033.977241 932361.120570 904264.245730 884080.049644 860130.914062 831760.627532 799440.215199 763941.296425 728429.308114 687684.097803 645979.553272 614292.384857 570172.203790 525471.038168 481028.911894 437645.328836 395752.670336 355694.339563 317747.151302 282122.674004 248969.377128 218376.293714 190377.959268 164960.309630 142067.219386 121607.376788 103461.217536 87487.675098 73530.546640 61424.318040 50999.336288 42086.260480 34519.761730 28141.476384 22802.244968 18363.691093 14699.210020 11694.446163 9247.343123 7267.849714 5677.361641 4407.972105 3401.596345 2609.025825 1988.958152 1507.039315 1134.945980 849.527563 632.020894 467.344438 343.474425 250.901594 182.164660 131.454824 94.284571 67.213487 47.623788 33.538463 23.475458 16.331900 11.293046 7.761354 5.304960 
4.833126 6.749835 9.875260 14.368854 20.780106 29.869305 42.673099 60.594746 85.519955 119.964200 167.258255 231.779574 319.237907 437.024153 594.631775 804.160005 1080.907445 1444.063280 1917.501076 2530.676777 3319.627946 4328.065356 5608.540646 7223.664934 9247.343123 11765.977311 14879.580695 18702.731075 23365.281234 29012.732993 35806.173537 43921.667865 53549.000973 64889.668918 78154.030056 93557.547492 111316.081437 131640.225940 154728.727707 180761.074574 209889.395736 242229.872882 277853.917913 316779.425544 358962.454078 404289.721147 452572.317316 503540.456419 556811.281442 611596.775346 667001.970157 710095.861252 764969.669325 817057.047227 870835.360968 923956.027596 988256.967368 1035683.957542 1077580.737528 1114335.634680 1145338.998661 1170084.934554 1188540.065068 1199499.152019 1203162.730173 1199499.152019 1188540.065068 1170084.934554 1145338.998661 1114335.634680 1077580.737528 1035683.957542 988256.967368 923956.027596 870835.360968 817057.047227 764969.669325 710095.861252 667001.970157 611596.775346 556811.281442 503540.456419 452572.317316 404289.721147 358962.454078 316779.425544 277853.917913 242229.872882 209889.395736 180761.074574 154728.727707 131640.225940 111316.081437 93557.547492 78154.030056 64889.668918 53549.000973 43921.667865 35806.173537 29012.732993 23365.281234 18702.731075 14879.580695 11765.977311 9247.343123 7223.664934 5608.540646 4328.065356 3319.627946 2530.676777 1917.501076 1444.063280 1080.907445 804.160005 594.631775 437.024153 319.237907 231.779574 167.258255 119.964200 85.519955 60.594746 42.673099 29.869305 20.780106 14.368854 9.875260 6.749835 
6.112105 8.536028 12.488527 18.171250 26.279097 37.773550 53.965583 76.629793 108.150903 151.710049 211.519421 293.114868 403.717097 552.672845 751.987807 1016.963009 1366.945485 1826.202409 2424.924954 3200.363924 4198.093418 5473.391289 7092.715795 9135.246691 11694.446163 14879.580695 18817.129746 23651.991576 29548.381608 36690.305475 45281.478491 55544.557327 67719.549346 82061.272040 98835.750412 118315.465068 140773.398811 166475.874703 195674.233334 228595.459991 265431.941464 306330.604336 351381.758075 400608.032830 453953.857359 511275.893742 572333.755497 636735.065659 702516.832571 757139.973523 825675.476988 892740.370151 964425.296647 1050679.238389 1121416.292464 1188362.718793 1252096.967875 1310732.704566 1363731.685647 1410246.781379 1449482.266708 1480752.005541 1503500.996513 1517317.082868 1521950.567003 1517317.082868 1503500.996513 1480752.005541 1449482.266708 1410246.781379 1363731.685647 1310732.704566 1252096.967875 1188362.718793 1121416.292464 1050679.238389 964425.296647 892740.370151 825675.476988 757139.973523 702516.832571 636735.065659 572333.755497 511275.893742 453953.857359 400608.032830 351381.758075 306330.604336 265431.941464 228595.459991 195674.233334 166475.874703 140773.398811 118315.465068 98835.750412 82061.272040 67719.549346 55544.557327 45281.478491 36690.305475 29548.381608 23651.991576 18817.129746 14879.580695 11694.446163 9135.246691 7092.715795 5473.391289 4198.093418 3200.363924 2424.924954 1826.202409 1366.945485 1016.963009 751.987807 552.672845 403.717097 293.114868 211.519421 151.710049 108.150903 76.629793 53.965583 37.773550 26.279097 18.171250 12.488527 8.536028 
