0.001745 0.002571 0.003766 0.005481 0.007929 0.011401 0.016293 0.023144 0.032673 0.045847 0.063940 0.088632 0.122110 0.167210 0.227575 0.307848 0.413900 0.553102 0.734622 0.969776 1.272415 1.659340 2.150755 2.770742 3.547728 4.514960 5.710928 7.179742 8.971400 11.141942 13.753425 16.873691 20.575888 24.937698 30.040242 35.966630 42.800157 50.622111 59.509241 69.530900 80.745917 93.199282 106.918741 121.911418 138.160599 155.622831 174.225488 193.864971 214.405675 235.679867 257.488579 279.603584 301.770493 323.712962 345.137924 365.741762 385.217226 403.260907 419.581009 433.905146 445.987878 455.617699 462.623185 466.878074 468.305049 466.878074 462.623185 455.617699 445.987878 433.905146 419.581009 403.260907 385.217226 365.741762 345.137924 323.712962 301.770493 279.603584 257.488579 235.679867 214.405675 193.864971 174.225488 155.622831 138.160599 121.911418 106.918741 93.199282 80.745917 69.530900 59.509241 50.622111 42.800157 35.966630 30.040242 24.937698 20.575888 16.873691 13.753425 11.141942 8.971400 7.179742 5.710928 4.514960 3.547728 2.770742 2.150755 1.659340 1.272415 0.969776 0.734622 0.553102 0.413900 0.307848 0.227575 0.167210 0.122110 0.088632 0.063940 0.045847 0.032673 0.023144 0.016293 0.011401 0.007929 0.005481 0.003766 0.002571 
0.002571 0.003789 0.005548 0.008076 0.011683 0.016798 0.024007 0.034100 0.048141 0.067551 0.094210 0.130590 0.179917 0.246368 0.335309 0.453583 0.609841 0.814941 1.082392 1.428869 1.874778 2.444872 3.168925 4.082413 5.227225 6.652346 8.414487 10.578638 13.218469 16.416547 20.264308 24.861710 30.316531 36.743226 44.261318 52.993264 63.061788 74.586662 87.680968 102.446889 118.971104 137.319902 157.534166 179.624389 203.565947 229.294813 256.703984 285.640816 315.905507 347.250920 379.383895 411.968162 444.628906 476.958958 508.526516 538.884228 567.579394 594.164970 618.211022 639.316217 657.118926 671.307511 681.629400 687.898558 690.001064 687.898558 681.629400 671.307511 657.118926 639.316217 618.211022 594.164970 567.579394 538.884228 508.526516 476.958958 444.628906 411.968162 379.383895 347.250920 315.905507 285.640816 256.703984 229.294813 203.565947 179.624389 157.534166 137.319902 118.971104 102.446889 87.680968 74.586662 63.061788 52.993264 44.261318 36.743226 30.316531 24.861710 20.264308 16.416547 13.218469 10.578638 8.414487 6.652346 5.227225 4.082413 3.168925 2.444872 1.874778 1.428869 1.082392 0.814941 0.609841 0.453583 0.335309 0.246368 0.179917 0.130590 0.094210 0.067551 0.048141 0.034100 0.024007 0.016798 0.011683 0.008076 0.005548 0.003789 
0.003766 0.005548 0.008125 0.011826 0.017109 0.024600 0.035156 0.049937 0.070500 0.098924 0.137964 0.191240 0.263477 0.360790 0.491039 0.664243 0.893073 1.193428 1.585093 2.092487 2.745490 3.580358 4.640685 5.978430 7.654934 9.741930 12.322472 15.491731 19.357593 24.040972 29.675768 36.408367 44.396599 53.808078 64.817837 77.605209 92.349911 109.227343 128.403107 150.026843 174.225488 201.096116 230.698597 263.048302 298.109164 335.787425 375.926383 418.302502 462.623185 508.526516 555.583179 603.300731 651.130278 698.475548 744.704195 789.161101 831.183315 870.116172 905.330061 936.237254 962.308169 983.086435 998.202174 1007.382950 1010.461935 1007.382950 998.202174 983.086435 962.308169 936.237254 905.330061 870.116172 831.183315 789.161101 744.704195 698.475548 651.130278 603.300731 555.583179 508.526516 462.623185 418.302502 375.926383 335.787425 298.109164 263.048302 230.698597 201.096116 174.225488 150.026843 128.403107 109.227343 92.349911 77.605209 64.817837 53.808078 44.396599 36.408367 29.675768 24.040972 19.357593 15.491731 12.322472 9.741930 7.654934 5.978430 4.640685 3.580358 2.745490 2.092487 1.585093 1.193428 0.893073 0.664243 0.491039 0.360790 0.263477 0.191240 0.137964 0.098924 0.070500 0.049937 0.035156 0.024600 0.017109 0.011826 0.008125 0.005548 
0.005481 0.008076 0.011826 0.017213 0.024902 0.035806 0.051171 0.072684 0.102614 0.143986 0.200810 0.278355 0.383497 0.525139 0.714719 0.966821 1.299889 1.737064 2.307142 3.045666 3.996128 5.211298 6.754631 8.701750 11.141942 14.179616 17.935658 22.548592 28.175448 34.992220 43.193803 52.993264 64.620331 78.318968 94.343941 112.956271 134.417544 158.983056 186.893848 218.367723 253.589439 292.700293 335.787425 382.873207 433.905146 488.746772 547.170003 608.849475 673.359308 740.172724 808.664844 878.118901 947.735972 1016.648165 1083.935086 1148.643195 1209.807552 1266.475272 1317.729945 1362.716117 1400.662969 1430.906241 1452.907567 1466.270410 1470.751947 1466.270410 1452.907567 1430.906241 1400.662969 1362.716117 1317.729945 1266.475272 1209.807552 1148.643195 1083.935086 1016.648165 947.735972 878.118901 808.664844 740.172724 673.359308 608.849475 547.170003 488.746772 433.905146 382.873207 335.787425 292.700293 253.589439 218.367723 186.893848 158.983056 134.417544 112.956271 94.343941 78.318968 64.620331 52.993264 43.193803 34.992220 28.175448 22.548592 17.935658 14.179616 11.141942 8.701750 6.754631 5.211298 3.996128 3.045666 2.307142 1.737064 1.299889 0.966821 0.714719 0.525139 0.383497 0.278355 0.200810 0.143986 0.102614 0.072684 0.051171 0.035806 0.024902 0.017213 0.011826 0.008076 
0.007929 0.011683 0.017109 0.024902 0.036025 0.051799 0.074027 0.105150 0.148448 0.208300 0.290505 0.402687 0.554792 0.759701 1.033961 1.398669 1.880508 2.512954 3.337668 4.406066 5.781069 7.539015 9.771705 12.588540 16.118687 20.513191 25.946935 32.620317 40.760507 50.622111 62.487075 76.663638 93.484138 113.301512 136.484321 163.410175 194.457503 229.995634 270.373272 315.905507 366.859622 423.440026 485.772784 553.890258 627.716510 707.054114 791.573108 880.802801 974.127085 1070.783888 1169.869218 1270.346152 1371.058911 1470.751947 1568.093755 1661.704879 1750.189371 1832.168726 1906.317199 1971.397237 2026.293717 2070.045678 2101.874284 2121.205875 2127.689170 2121.205875 2101.874284 2070.045678 2026.293717 1971.397237 1906.317199 1832.168726 1750.189371 1661.704879 1568.093755 1470.751947 1371.058911 1270.346152 1169.869218 1070.783888 974.127085 880.802801 791.573108 707.054114 627.716510 553.890258 485.772784 423.440026 366.859622 315.905507 270.373272 229.995634 194.457503 163.410175 136.484321 113.301512 93.484138 76.663638 62.487075 50.622111 40.760507 32.620317 25.946935 20.513191 16.118687 12.588540 9.771705 7.539015 5.781069 4.406066 3.337668 2.512954 1.880508 1.398669 1.033961 0.759701 0.554792 0.402687 0.290505 0.208300 0.148448 0.105150 0.074027 0.051799 0.036025 0.024902 0.017109 0.011683 
0.011401 0.016798 0.024600 0.035806 0.051799 0.074480 0.106441 0.151191 0.213448 0.299507 0.417707 0.579009 0.797716 1.092347 1.486696 2.011097 2.703916 3.613287 4.799114 6.335327 8.312395 10.840084 14.050390 18.100618 23.176491 29.495194 37.308182 46.903604 58.608095 72.787747 89.847961 110.231940 134.417544 162.912247 196.245990 234.961726 279.603584 330.702608 388.760188 454.229383 527.494507 608.849475 698.475548 796.419261 902.571424 1016.648165 1138.175045 1266.475272 1400.662969 1539.642376 1682.113675 1826.585913 1971.397237 2114.742336 2254.706687 2389.306821 2516.535549 2634.410771 2741.026245 2834.602536 2913.536247 2976.445649 3022.210878 3050.007092 3059.329192 3050.007092 3022.210878 2976.445649 2913.536247 2834.602536 2741.026245 2634.410771 2516.535549 2389.306821 2254.706687 2114.742336 1971.397237 1826.585913 1682.113675 1539.642376 1400.662969 1266.475272 1138.175045 1016.648165 902.571424 796.419261 698.475548 608.849475 527.494507 454.229383 388.760188 330.702608 279.603584 234.961726 196.245990 162.912247 134.417544 110.231940 89.847961 72.787747 58.608095 46.903604 37.308182 29.495194 23.176491 18.100618 14.050390 10.840084 8.312395 6.335327 4.799114 3.613287 2.703916 2.011097 1.486696 1.092347 0.797716 0.579009 0.417707 0.299507 0.213448 0.151191 0.106441 0.074480 0.051799 0.035806 0.024600 0.016798 
0.016293 0.024007 0.035156 0.051171 0.074027 0.106441 0.152117 0.216070 0.305042 0.428031 0.596952 0.827471 1.140029 1.561090 2.124661 2.874090 3.864208 5.163804 6.858489 9.053913 11.879372 15.491731 20.079629 25.867872 33.121881 42.152036 53.317699 67.030663 83.757732 104.022092 128.403107 157.534166 192.098184 232.820404 280.458169 335.787425 399.585792 472.612196 555.583179 649.146215 753.850533 870.116172 998.202174 1138.175045 1289.878738 1452.907567 1626.583506 1809.939338 2001.709044 2200.326657 2403.934588 2610.402091 2817.354186 3022.210878 3222.236090 3414.595216 3596.419754 3764.877051 3917.242868 4050.974188 4163.779572 4253.684367 4319.088162 4358.812160 4372.134517 4358.812160 4319.088162 4253.684367 4163.779572 4050.974188 3917.242868 3764.877051 3596.419754 3414.595216 3222.236090 3022.210878 2817.354186 2610.402091 2403.934588 2200.326657 2001.709044 1809.939338 1626.583506 1452.907567 1289.878738 1138.175045 998.202174 870.116172 753.850533 649.146215 555.583179 472.612196 399.585792 335.787425 280.458169 232.820404 192.098184 157.534166 128.403107 104.022092 83.757732 67.030663 53.317699 42.152036 33.121881 25.867872 20.079629 15.491731 11.879372 9.053913 6.858489 5.163804 3.864208 2.874090 2.124661 1.561090 1.140029 0.827471 0.596952 0.428031 0.305042 0.216070 0.152117 0.106441 0.074027 0.051171 0.035156 0.024007 
0.023144 0.034100 0.049937 0.072684 0.105150 0.151191 0.216070 0.306909 0.433288 0.607983 0.847922 1.175356 1.619319 2.217403 3.017909 4.082413 5.488795 7.334768 9.741930 12.860353 16.873691 22.004755 28.521494 36.743226 47.046961 59.873568 75.733491 95.211651 118.971104 147.754992 182.386258 223.764578 272.859979 330.702608 398.368212 476.958958 567.579394 671.307511 789.161101 922.059848 1070.783888 1235.929852 1417.865689 1616.685864 1832.168726 2063.738029 2310.430694 2570.872867 2843.266269 3125.386571 3414.595216 3707.865655 4001.824416 4292.806826 4576.926509 4850.157135 5108.424227 5347.704232 5564.127589 5754.082143 5914.313094 6042.015606 6134.916422 6191.341157 6210.264491 6191.341157 6134.916422 6042.015606 5914.313094 5754.082143 5564.127589 5347.704232 5108.424227 4850.157135 4576.926509 4292.806826 4001.824416 3707.865655 3414.595216 3125.386571 2843.266269 2570.872867 2310.430694 2063.738029 1832.168726 1616.685864 1417.865689 1235.929852 1070.783888 922.059848 789.161101 671.307511 567.579394 476.958958 398.368212 330.702608 272.859979 223.764578 182.386258 147.754992 118.971104 95.211651 75.733491 59.873568 47.046961 36.743226 28.521494 22.004755 16.873691 12.860353 9.741930 7.334768 5.488795 4.082413 3.017909 2.217403 1.619319 1.175356 0.847922 0.607983 0.433288 0.306909 0.216070 0.151191 0.105150 0.072684 0.049937 0.034100 
0.032673 0.048141 0.070500 0.102614 0.148448 0.213448 0.305042 0.433288 0.611705 0.858336 1.197076 1.659340 2.286116 3.130477 4.260612 5.763454 7.748950 10.355051 13.753425 18.155941 23.821875 31.065790 40.265967 51.873212 66.419780 84.528078 106.918741 134.417544 167.960574 208.596983 257.488579 315.905507 385.217226 466.878074 562.406764 673.359308 801.295083 947.735972 1114.118866 1301.742154 1511.707216 1744.856358 2001.709044 2282.398637 2586.612214 2913.536247 3261.811082 3629.497145 4014.055669 4412.346399 4820.644282 5234.676510 5649.680495 6060.482538 6461.595946 6847.336442 7211.951778 7549.761596 7855.302942 8123.476262 8349.686506 8529.973874 8661.129036 8740.788134 8767.503647 8740.788134 8661.129036 8529.973874 8349.686506 8123.476262 7855.302942 7549.761596 7211.951778 6847.336442 6461.595946 6060.482538 5649.680495 5234.676510 4820.644282 4412.346399 4014.055669 3629.497145 3261.811082 2913.536247 2586.612214 2282.398637 2001.709044 1744.856358 1511.707216 1301.742154 1114.118866 947.735972 801.295083 673.359308 562.406764 466.878074 385.217226 315.905507 257.488579 208.596983 167.960574 134.417544 106.918741 84.528078 66.419780 51.873212 40.265967 31.065790 23.821875 18.155941 13.753425 10.355051 7.748950 5.763454 4.260612 3.130477 2.286116 1.659340 1.197076 0.858336 0.611705 0.433288 0.305042 0.213448 0.148448 0.102614 0.070500 0.048141 
0.045847 0.067551 0.098924 0.143986 0.208300 0.299507 0.428031 0.607983 0.858336 1.204404 1.679719 2.328362 3.207845 4.392640 5.978430 8.087195 10.873216 14.530059 19.298608 25.476156 33.426513 43.591070 56.500627 72.787747 93.199282 118.608586 150.026843 188.612769 235.679867 292.700293 361.304280 443.274075 540.531284 655.116615 789.161101 944.848120 1124.365764 1329.849517 1563.315607 1826.585913 2121.205875 2448.357406 2808.769410 3202.629019 3629.497145 4088.232258 4576.926509 5092.858317 5632.465320 6191.341157 6764.258889 7345.222970 7927.550607 8503.982140 9066.818718 9608.084249 10119.707256 10593.717146 11022.448378 11398.745333 11716.160301 11969.136949 12153.171990 12264.948495 12302.435318 12264.948495 12153.171990 11969.136949 11716.160301 11398.745333 11022.448378 10593.717146 10119.707256 9608.084249 9066.818718 8503.982140 7927.550607 7345.222970 6764.258889 6191.341157 5632.465320 5092.858317 4576.926509 4088.232258 3629.497145 3202.629019 2808.769410 2448.357406 2121.205875 1826.585913 1563.315607 1329.849517 1124.365764 944.848120 789.161101 655.116615 540.531284 443.274075 361.304280 292.700293 235.679867 188.612769 150.026843 118.608586 93.199282 72.787747 56.500627 43.591070 33.426513 25.476156 19.298608 14.530059 10.873216 8.087195 5.978430 4.392640 3.207845 2.328362 1.679719 1.204404 0.858336 0.607983 0.428031 0.299507 0.208300 0.143986 0.098924 0.067551 
0.063940 0.094210 0.137964 0.200810 0.290505 0.417707 0.596952 0.847922 1.197076 1.679719 2.342616 3.247243 4.473813 6.126184 8.337802 11.278786 15.164302 20.264308 26.914753 35.530254 46.618199 60.794172 78.798451 101.513240 129.980133 165.417153 209.234542 263.048302 328.690307 408.213694 503.892064 618.211022 753.850533 913.656663 1100.601454 1317.729945 1568.093755 1854.671131 2180.273999 2547.443239 2958.334194 3414.595216 3917.242868 4466.538136 5061.868646 5701.642364 6383.198515 7102.741455 7855.302942 8634.737658 9433.755866 10243.995893 11056.137600 11860.056321 12645.014875 13399.889423 14113.423104 14774.499750 15372.428635 15897.230193 16339.912144 16692.725361 16949.389347 17105.278154 17157.559054 17105.278154 16949.389347 16692.725361 16339.912144 15897.230193 15372.428635 14774.499750 14113.423104 13399.889423 12645.014875 11860.056321 11056.137600 10243.995893 9433.755866 8634.737658 7855.302942 7102.741455 6383.198515 5701.642364 5061.868646 4466.538136 3917.242868 3414.595216 2958.334194 2547.443239 2180.273999 1854.671131 1568.093755 1317.729945 1100.601454 913.656663 753.850533 618.211022 503.892064 408.213694 328.690307 263.048302 209.234542 165.417153 129.980133 101.513240 78.798451 60.794172 46.618199 35.530254 26.914753 20.264308 15.164302 11.278786 8.337802 6.126184 4.473813 3.247243 2.342616 1.679719 1.197076 0.847922 0.596952 0.417707 0.290505 0.200810 0.137964 0.094210 
0.088632 0.130590 0.191240 0.278355 0.402687 0.579009 0.827471 1.175356 1.659340 2.328362 3.247243 4.501202 6.201425 8.491878 11.557536 15.634214 21.020165 28.089594 37.308182 49.250653 64.620331 84.270512 109.227343 140.713699 180.173397 229.294813 290.032771 364.627308 455.617699 565.849919 698.475548 856.940035 1044.958241 1266.475272 1525.610858 1826.585913 2173.630473 2570.872867 3022.210878 3531.166575 4100.727609 4733.178863 5429.929456 6191.341157 7016.565116 7903.394520 8848.141106 9845.543496 10888.714911 11969.136949 13076.704861 14199.828021 15325.587216 16439.948028 17528.026995 18574.404685 19563.477276 20479.835969 21308.661695 22036.121170 22649.749644 23138.805580 23494.583198 23710.670190 23783.139937 23710.670190 23494.583198 23138.805580 22649.749644 22036.121170 21308.661695 20479.835969 19563.477276 18574.404685 17528.026995 16439.948028 15325.587216 14199.828021 13076.704861 11969.136949 10888.714911 9845.543496 8848.141106 7903.394520 7016.565116 6191.341157 5429.929456 4733.178863 4100.727609 3531.166575 3022.210878 2570.872867 2173.630473 1826.585913 1525.610858 1266.475272 1044.958241 856.940035 698.475548 565.849919 455.617699 364.627308 290.032771 229.294813 180.173397 140.713699 109.227343 84.270512 64.620331 49.250653 37.308182 28.089594 21.020165 15.634214 11.557536 8.491878 6.201425 4.501202 3.247243 2.328362 1.659340 1.175356 0.827471 0.579009 0.402687 0.278355 0.191240 0.130590 
0.122110 0.179917 0.263477 0.383497 0.554792 0.797716 1.140029 1.619319 2.286116 3.207845 4.473813 6.201425 8.543866 11.699484 15.923122 21.539668 28.960035 38.699774 51.400466 67.853923 89.029133 116.101705 150.485388 193.864971 248.229637 315.905507 399.585792 502.356651 627.716510 779.586345 962.308169 1180.628869 1439.666506 1744.856358 2101.874284 2516.535549 2994.667985 3541.959300 4163.779572 4864.981248 5649.680495 6521.025254 7480.956908 8529.973874 9666.906670 10888.714911 12190.317178 13564.464736 15001.669486 16490.195400 18016.120901 19563.477276 21114.465387 22649.749644 24148.824711 25590.446830 26953.118203 28215.609725 29357.504769 30359.744859 31205.156979 31878.942230 32369.106431 32666.815174 32766.658654 32666.815174 32369.106431 31878.942230 31205.156979 30359.744859 29357.504769 28215.609725 26953.118203 25590.446830 24148.824711 22649.749644 21114.465387 19563.477276 18016.120901 16490.195400 15001.669486 13564.464736 12190.317178 10888.714911 9666.906670 8529.973874 7480.956908 6521.025254 5649.680495 4864.981248 4163.779572 3541.959300 2994.667985 2516.535549 2101.874284 1744.856358 1439.666506 1180.628869 962.308169 779.586345 627.716510 502.356651 399.585792 315.905507 248.229637 193.864971 150.485388 116.101705 89.029133 67.853923 51.400466 38.699774 28.960035 21.539668 15.923122 11.699484 8.543866 6.201425 4.473813 3.207845 2.286116 1.619319 1.140029 0.797716 0.554792 0.383497 0.263477 0.179917 
0.167210 0.246368 0.360790 0.525139 0.759701 1.092347 1.561090 2.217403 3.130477 4.392640 6.126184 8.491878 11.699484 16.020606 21.804215 29.495194 39.656221 52.993264 70.384868 92.915294 121.911418 158.983056 206.066111 265.467639 339.911513 432.582991 547.170003 687.898558 859.559203 1067.521096 1317.729945 1616.685864 1971.397237 2389.306821 2878.186814 3446.000311 4100.727609 4850.157135 5701.642364 6661.827963 7736.350375 8929.520212 10243.995893 11680.459920 13237.310873 14910.385422 16692.725361 18574.404685 20542.430932 22580.733458 24670.248844 26789.110446 28912.945142 31015.275876 33068.023809 35042.098950 36908.063442 38636.847355 40200.493328 41572.903768 42730.562928 43653.206037 44324.408949 44732.074329 44868.794299 44732.074329 44324.408949 43653.206037 42730.562928 41572.903768 40200.493328 38636.847355 36908.063442 35042.098950 33068.023809 31015.275876 28912.945142 26789.110446 24670.248844 22580.733458 20542.430932 18574.404685 16692.725361 14910.385422 13237.310873 11680.459920 10243.995893 8929.520212 7736.350375 6661.827963 5701.642364 4850.157135 4100.727609 3446.000311 2878.186814 2389.306821 1971.397237 1616.685864 1317.729945 1067.521096 859.559203 687.898558 547.170003 432.582991 339.911513 265.467639 206.066111 158.983056 121.911418 92.915294 70.384868 52.993264 39.656221 29.495194 21.804215 16.020606 11.699484 8.491878 6.126184 4.392640 3.130477 2.217403 1.561090 1.092347 0.759701 0.525139 0.360790 0.246368 
0.227575 0.335309 0.491039 0.714719 1.033961 1.486696 2.124661 3.017909 4.260612 5.978430 8.337802 11.557536 15.923122 21.804215 29.675768 40.143272 53.972538 72.124397 95.794554 126.458703 165.922737 216.377631 280.458169 361.304280 462.623185 588.750052 744.704195 936.237254 1169.869218 1452.907567 1793.444471 2200.326657 2683.092609 3251.871998 3917.242868 4690.043077 5581.133895 6601.115450 7759.995905 9066.818718 10529.255150 12153.171990 13942.187373 15897.230193 18016.120901 20293.193158 22718.976773 25279.962348 27958.467004 30732.618422 33576.471088 36460.264268 39350.825880 42212.120371 45005.932141 47692.669407 50232.266928 52585.160222 54713.299023 56581.164231 58156.750661 59412.477747 60325.992049 60880.828968 61066.906300 60880.828968 60325.992049 59412.477747 58156.750661 56581.164231 54713.299023 52585.160222 50232.266928 47692.669407 45005.932141 42212.120371 39350.825880 36460.264268 33576.471088 30732.618422 27958.467004 25279.962348 22718.976773 20293.193158 18016.120901 15897.230193 13942.187373 12153.171990 10529.255150 9066.818718 7759.995905 6601.115450 5581.133895 4690.043077 3917.242868 3251.871998 2683.092609 2200.326657 1793.444471 1452.907567 1169.869218 936.237254 744.704195 588.750052 462.623185 361.304280 280.458169 216.377631 165.922737 126.458703 95.794554 72.124397 53.972538 40.143272 29.675768 21.804215 15.923122 11.557536 8.337802 5.978430 4.260612 3.017909 2.124661 1.486696 1.033961 0.714719 0.491039 0.335309 
0.307848 0.453583 0.664243 0.966821 1.398669 2.011097 2.874090 4.082413 5.763454 8.087195 11.278786 15.634214 21.539668 29.495194 40.143272 54.302968 73.010217 97.564762 129.584070 171.064353 224.448496 292.700293 379.383895 488.746772 625.803792 796.419261 1007.382950 1266.475272 1582.516001 1965.390181 2426.044322 2976.445649 3629.497145 4398.901512 5298.967975 6344.357218 7549.761596 8929.520212 10497.171395 12264.948495 14243.228647 16439.948028 18860.000994 21504.644086 24370.928965 27451.190611 30732.618422 34196.937844 37820.228732 41572.903768 45419.865703 49320.856327 53231.002807 57101.558803 60880.828968 64515.256345 67950.643526 71133.470487 74012.265531 76538.980940 78670.322374 80368.980802 81604.718078 82355.262061 82606.974262 82355.262061 81604.718078 80368.980802 78670.322374 76538.980940 74012.265531 71133.470487 67950.643526 64515.256345 60880.828968 57101.558803 53231.002807 49320.856327 45419.865703 41572.903768 37820.228732 34196.937844 30732.618422 27451.190611 24370.928965 21504.644086 18860.000994 16439.948028 14243.228647 12264.948495 10497.171395 8929.520212 7549.761596 6344.357218 5298.967975 4398.901512 3629.497145 2976.445649 2426.044322 1965.390181 1582.516001 1266.475272 1007.382950 796.419261 625.803792 488.746772 379.383895 292.700293 224.448496 171.064353 129.584070 97.564762 73.010217 54.302968 40.143272 29.495194 21.539668 15.634214 11.278786 8.087195 5.763454 4.082413 2.874090 2.011097 1.398669 0.966821 0.664243 0.453583 
0.413900 0.609841 0.893073 1.299889 1.880508 2.703916 3.864208 5.488795 7.748950 10.873216 15.164302 21.020165 28.960035 39.656221 53.972538 73.010217 98.162071 131.175601 174.225488 229.995634 301.770493 393.534879 510.080786 657.118926 841.391777 1070.783888 1354.424089 1702.773128 2127.689170 2642.462635 3261.811082 4001.824416 4879.850670 5914.313094 7124.450410 8529.973874 10150.637323 12005.719649 14113.423104 16490.195400 19149.988574 22103.472793 25357.228510 28912.945142 32766.658654 36908.063442 41319.935683 45977.705278 50849.211651 55894.674715 61066.906300 66311.779337 71568.962400 76772.916148 81854.136302 86740.615659 91359.485922 95638.789544 99509.322943 102906.486073 105772.069792 108055.912191 109717.358153 110726.462833 111064.889317 110726.462833 109717.358153 108055.912191 105772.069792 102906.486073 99509.322943 95638.789544 91359.485922 86740.615659 81854.136302 76772.916148 71568.962400 66311.779337 61066.906300 55894.674715 50849.211651 45977.705278 41319.935683 36908.063442 32766.658654 28912.945142 25357.228510 22103.472793 19149.988574 16490.195400 14113.423104 12005.719649 10150.637323 8529.973874 7124.450410 5914.313094 4879.850670 4001.824416 3261.811082 2642.462635 2127.689170 1702.773128 1354.424089 1070.783888 841.391777 657.118926 510.080786 393.534879 301.770493 229.995634 174.225488 131.175601 98.162071 73.010217 53.972538 39.656221 28.960035 21.020165 15.164302 10.873216 7.748950 5.488795 3.864208 2.703916 1.880508 1.299889 0.893073 0.609841 
0.553102 0.814941 1.193428 1.737064 2.512954 3.613287 5.163804 7.334768 10.355051 14.530059 20.264308 28.089594 38.699774 52.993264 72.124397 97.564762 131.175601 175.292128 232.820404 307.346975 403.260907 525.887176 681.629400 878.118901 1124.365764 1430.906241 1809.939338 2275.443926 2843.266269 3531.166575 4358.812160 5347.704232 6521.025254 7903.394520 9520.521054 11398.745333 13564.464736 16043.441966 18860.000994 22036.121170 25590.446830 29537.236698 33885.284340 38636.847355 43786.628533 49320.856327 55216.514258 61440.768895 67950.643526 74692.979365 81604.718078 88613.528765 95638.789544 102592.919109 109383.037740 115912.921017 122085.193833 127803.698122 132975.955995 137515.641338 141344.968311 144396.904727 146617.122477 147965.605771 148417.850685 147965.605771 146617.122477 144396.904727 141344.968311 137515.641338 132975.955995 127803.698122 122085.193833 115912.921017 109383.037740 102592.919109 95638.789544 88613.528765 81604.718078 74692.979365 67950.643526 61440.768895 55216.514258 49320.856327 43786.628533 38636.847355 33885.284340 29537.236698 25590.446830 22036.121170 18860.000994 16043.441966 13564.464736 11398.745333 9520.521054 7903.394520 6521.025254 5347.704232 4358.812160 3531.166575 2843.266269 2275.443926 1809.939338 1430.906241 1124.365764 878.118901 681.629400 525.887176 403.260907 307.346975 232.820404 175.292128 131.175601 97.564762 72.124397 52.993264 38.699774 28.089594 20.264308 14.530059 10.355051 7.334768 5.163804 3.613287 2.512954 1.737064 1.193428 0.814941 
0.734622 1.082392 1.585093 2.307142 3.337668 4.799114 6.858489 9.741930 13.753425 19.298608 26.914753 37.308182 51.400466 70.384868 95.794554 129.584070 174.225488 232.820404 309.228608 408.213694 535.605157 698.475548 905.330061 1166.304502 1493.365933 1900.508449 2403.934588 3022.210878 3776.384093 4690.043077 5789.309670 7102.741455 8661.129036 10497.171395 12645.014875 15139.644507 18016.120901 21308.661695 25049.573625 29268.049342 33988.851973 39230.919745 45005.932141 51316.887672 58156.750661 65507.229945 73337.755376 81604.718078 90251.037022 99206.107495 108386.176352 117695.174766 127026.021948 136262.393706 145280.928574 153953.822705 162151.743923 169746.976515 176616.692716 182646.235466 187732.290763 191785.827450 194734.687740 196525.723253 197126.388240 196525.723253 194734.687740 191785.827450 187732.290763 182646.235466 176616.692716 169746.976515 162151.743923 153953.822705 145280.928574 136262.393706 127026.021948 117695.174766 108386.176352 99206.107495 90251.037022 81604.718078 73337.755376 65507.229945 58156.750661 51316.887672 45005.932141 39230.919745 33988.851973 29268.049342 25049.573625 21308.661695 18016.120901 15139.644507 12645.014875 10497.171395 8661.129036 7102.741455 5789.309670 4690.043077 3776.384093 3022.210878 2403.934588 1900.508449 1493.365933 1166.304502 905.330061 698.475548 535.605157 408.213694 309.228608 232.820404 174.225488 129.584070 95.794554 70.384868 51.400466 37.308182 26.914753 19.298608 13.753425 9.741930 6.858489 4.799114 3.337668 2.307142 1.585093 1.082392 
0.969776 1.428869 2.092487 3.045666 4.406066 6.335327 9.053913 12.860353 18.155941 25.476156 35.530254 49.250653 67.853923 92.915294 126.458703 171.064353 229.995634 307.346975 408.213694 538.884228 707.054114 922.059848 1195.129165 1539.642376 1971.397237 2508.867399 3173.441886 3989.630433 4985.216953 6191.341157 7642.486569 9376.352150 11433.584677 13857.350181 16692.725361 19985.894072 23783.139937 28129.633773 33068.023809 38636.847355 44868.794299 51788.865055 59412.477747 67743.590717 76772.916148 86476.307814 96813.409965 107726.654380 119140.688206 130962.305932 143080.944759 155369.783914 167687.465699 179880.430169 191785.827450 203234.943268 214057.045795 224083.537101 233152.271855 241111.890895 247826.009075 253177.096070 257069.896152 259434.247973 260227.187781 259434.247973 257069.896152 253177.096070 247826.009075 241111.890895 233152.271855 224083.537101 214057.045795 203234.943268 191785.827450 179880.430169 167687.465699 155369.783914 143080.944759 130962.305932 119140.688206 107726.654380 96813.409965 86476.307814 76772.916148 67743.590717 59412.477747 51788.865055 44868.794299 38636.847355 33068.023809 28129.633773 23783.139937 19985.894072 16692.725361 13857.350181 11433.584677 9376.352150 7642.486569 6191.341157 4985.216953 3989.630433 3173.441886 2508.867399 1971.397237 1539.642376 1195.129165 922.059848 707.054114 538.884228 408.213694 307.346975 229.995634 171.064353 126.458703 92.915294 67.853923 49.250653 35.530254 25.476156 18.155941 12.860353 9.053913 6.335327 4.406066 3.045666 2.092487 1.428869 
1.272415 1.874778 2.745490 3.996128 5.781069 8.312395 11.879372 16.873691 23.821875 33.426513 46.618199 64.620331 89.029133 121.911418 165.922737 224.448496 301.770493 403.260907 535.605157 707.054114 927.704864 1209.807552 1568.093755 2020.119385 2586.612214 3291.810973 4163.779572 5234.676510 6540.956241 8123.476262 10027.481389 12302.435318 15001.669486 18181.820771 21902.032981 26222.902591 31205.156979 36908.063442 43387.579465 50694.268716 58871.022634 67950.643526 77953.361058 88884.368853 100731.480640 113463.014869 127026.021948 141344.968311 156320.985702 171831.781916 187732.290763 203856.114444 220017.781689 236015.811021 251636.531920 266658.579358 280857.941137 294013.404881 305912.224479 316355.806038 325165.202623 332186.206164 337293.834424 340396.030766 341436.423719 340396.030766 337293.834424 332186.206164 325165.202623 316355.806038 305912.224479 294013.404881 280857.941137 266658.579358 251636.531920 236015.811021 220017.781689 203856.114444 187732.290763 171831.781916 156320.985702 141344.968311 127026.021948 113463.014869 100731.480640 88884.368853 77953.361058 67950.643526 58871.022634 50694.268716 43387.579465 36908.063442 31205.156979 26222.902591 21902.032981 18181.820771 15001.669486 12302.435318 10027.481389 8123.476262 6540.956241 5234.676510 4163.779572 3291.810973 2586.612214 2020.119385 1568.093755 1209.807552 927.704864 707.054114 535.605157 403.260907 301.770493 224.448496 165.922737 121.911418 89.029133 64.620331 46.618199 33.426513 23.821875 16.873691 11.879372 8.312395 5.781069 3.996128 2.745490 1.874778 
1.659340 2.444872 3.580358 5.211298 7.539015 10.840084 15.491731 22.004755 31.065790 43.591070 60.794172 84.270512 116.101705 158.983056 216.377631 292.700293 393.534879 525.887176 698.475548 922.059848 1209.807552 1577.693907 2044.930170 2634.410771 3373.166521 4292.806826 5429.929456 6826.471883 8529.973874 10593.717146 13076.704861 16043.441966 19563.477276 23710.670190 28562.149361 34196.937844 40694.229401 48131.313727 56581.164231 66109.720321 76772.916148 88613.528765 101657.939410 115912.921017 131362.581634 147965.605771 165652.942573 184326.089722 203856.114444 224083.537101 244819.178810 265846.042419 286922.257316 307785.074191 328155.848165 347745.900058 366263.098543 383418.963513 398936.055596 412555.391144 424043.607844 433199.605006 439860.394959 443905.927872 445262.690457 443905.927872 439860.394959 433199.605006 424043.607844 412555.391144 398936.055596 383418.963513 366263.098543 347745.900058 328155.848165 307785.074191 286922.257316 265846.042419 244819.178810 224083.537101 203856.114444 184326.089722 165652.942573 147965.605771 131362.581634 115912.921017 101657.939410 88613.528765 76772.916148 66109.720321 56581.164231 48131.313727 40694.229401 34196.937844 28562.149361 23710.670190 19563.477276 16043.441966 13076.704861 10593.717146 8529.973874 6826.471883 5429.929456 4292.806826 3373.166521 2634.410771 2044.930170 1577.693907 1209.807552 922.059848 698.475548 525.887176 393.534879 292.700293 216.377631 158.983056 116.101705 84.270512 60.794172 43.591070 31.065790 22.004755 15.491731 10.840084 7.539015 5.211298 3.580358 2.444872 
2.150755 3.168925 4.640685 6.754631 9.771705 14.050390 20.079629 28.521494 40.265967 56.500627 78.798451 109.227343 150.485388 206.066111 280.458169 379.383895 510.080786 681.629400 905.330061 1195.129165 1568.093755 2044.930170 2650.539108 3414.595216 4372.134517 5564.127589 7038.010680 8848.141106 11056.137600 13731.061337 16949.389347 20794.729806 25357.228510 30732.618422 37020.869954 44324.408949 52745.882514 62385.469793 73337.755376 85688.206716 99509.322943 114856.549594 131764.080746 150240.695151 170265.794428 191785.827450 214711.293852 238914.519720 264228.388655 290446.190902 317322.721986 344576.720744 371894.686243 398936.055596 425339.662855 450731.336091 474732.428880 496969.027322 517081.527989 534734.248861 549624.717050 561492.275612 570125.667853 575369.291011 577127.860740 575369.291011 570125.667853 561492.275612 549624.717050 534734.248861 517081.527989 496969.027322 474732.428880 450731.336091 425339.662855 398936.055596 371894.686243 344576.720744 317322.721986 290446.190902 264228.388655 238914.519720 214711.293852 191785.827450 170265.794428 150240.695151 131764.080746 114856.549594 99509.322943 85688.206716 73337.755376 62385.469793 52745.882514 44324.408949 37020.869954 30732.618422 25357.228510 20794.729806 16949.389347 13731.061337 11056.137600 8848.141106 7038.010680 5564.127589 4372.134517 3414.595216 2650.539108 2044.930170 1568.093755 1195.129165 905.330061 681.629400 510.080786 379.383895 280.458169 206.066111 150.485388 109.227343 78.798451 56.500627 40.265967 28.521494 20.079629 14.050390 9.771705 6.754631 4.640685 3.168925 
2.770742 4.082413 5.978430 8.701750 12.588540 18.100618 25.867872 36.743226 51.873212 72.787747 101.513240 140.713699 193.864971 265.467639 361.304280 488.746772 657.118926 878.118901 1166.304502 1539.642376 2020.119385 2634.410771 3414.595216 4398.901512 5632.465320 7168.067578 9066.818718 11398.745333 14243.228647 17689.237713 21835.295166 26789.110446 32666.815174 39591.738720 47692.669407 57101.558803 67950.643526 80368.980802 94478.420590 110389.067572 128194.319795 147965.605771 169746.976515 193549.741378 219347.364201 247070.856972 276604.919555 307785.074191 340396.030766 374171.492465 408795.571082 443905.927872 479098.690738 513935.124632 547949.952314 580661.141403 611580.895185 640227.513689 666137.732612 688879.104755 708061.965058 723350.518458 734472.610469 741227.783594 743493.286398 741227.783594 734472.610469 723350.518458 708061.965058 688879.104755 666137.732612 640227.513689 611580.895185 580661.141403 547949.952314 513935.124632 479098.690738 443905.927872 408795.571082 374171.492465 340396.030766 307785.074191 276604.919555 247070.856972 219347.364201 193549.741378 169746.976515 147965.605771 128194.319795 110389.067572 94478.420590 80368.980802 67950.643526 57101.558803 47692.669407 39591.738720 32666.815174 26789.110446 21835.295166 17689.237713 14243.228647 11398.745333 9066.818718 7168.067578 5632.465320 4398.901512 3414.595216 2634.410771 2020.119385 1539.642376 1166.304502 878.118901 657.118926 488.746772 361.304280 265.467639 193.864971 140.713699 101.513240 72.787747 51.873212 36.743226 25.867872 18.100618 12.588540 8.701750 5.978430 4.082413 
3.547728 5.227225 7.654934 11.141942 16.118687 23.176491 33.121881 47.046961 66.419780 93.199282 129.980133 180.173397 248.229637 339.911513 462.623185 625.803792 841.391777 1124.365764 1493.365933 1971.397237 2586.612214 3373.166521 4372.134517 5632.465320 7211.951778 9178.175945 11609.385174 14595.243291 18237.392036 22649.749644 27958.467004 34301.458020 41827.420569 50694.268716 61066.906300 73114.287466 87005.731339 102906.486073 120972.571453 141344.968311 164143.265884 189458.923053 217348.343856 247826.009075 280857.941137 316355.806038 354171.970552 394095.833176 435851.730976 479098.690738 523432.241177 568388.434548 613450.142755 658055.598287 701609.048339 743493.286398 783083.725149 819763.583705 852939.686676 882058.317674 906620.539653 926196.392075 940437.401420 949086.896813 951987.704194 949086.896813 940437.401420 926196.392075 906620.539653 882058.317674 852939.686676 819763.583705 783083.725149 743493.286398 701609.048339 658055.598287 613450.142755 568388.434548 523432.241177 479098.690738 435851.730976 394095.833176 354171.970552 316355.806038 280857.941137 247826.009075 217348.343856 189458.923053 164143.265884 141344.968311 120972.571453 102906.486073 87005.731339 73114.287466 61066.906300 50694.268716 41827.420569 34301.458020 27958.467004 22649.749644 18237.392036 14595.243291 11609.385174 9178.175945 7211.951778 5632.465320 4372.134517 3373.166521 2586.612214 1971.397237 1493.365933 1124.365764 841.391777 625.803792 462.623185 339.911513 248.229637 180.173397 129.980133 93.199282 66.419780 47.046961 33.121881 23.176491 16.118687 11.141942 7.654934 5.227225 
4.514960 6.652346 9.741930 14.179616 20.513191 29.495194 42.152036 59.873568 84.528078 118.608586 165.417153 229.294813 315.905507 432.582991 588.750052 796.419261 1070.783888 1430.906241 1900.508449 2508.867399 3291.810973 4292.806826 5564.127589 7168.067578 9178.175945 11680.459920 14774.499750 18574.404685 23209.527469 28824.844336 35580.899212 43653.206037 53231.002807 64515.256345 77715.828909 93047.737306 110726.462833 130962.305932 153953.822705 179880.430169 208894.321668 241111.890895 276604.919555 315391.836384 357429.400364 402605.194626 450731.336091 501539.806095 554679.786585 609717.343411 666137.732612 723350.518458 780697.586085 837464.010987 892891.617815 946194.928498 996579.071904 1043259.111628 1085480.152427 1122537.515928 1153796.237822 1178709.135653 1196832.730130 1207840.373137 1211532.039603 1207840.373137 1196832.730130 1178709.135653 1153796.237822 1122537.515928 1085480.152427 1043259.111628 996579.071904 946194.928498 892891.617815 837464.010987 780697.586085 723350.518458 666137.732612 609717.343411 554679.786585 501539.806095 450731.336091 402605.194626 357429.400364 315391.836384 276604.919555 241111.890895 208894.321668 179880.430169 153953.822705 130962.305932 110726.462833 93047.737306 77715.828909 64515.256345 53231.002807 43653.206037 35580.899212 28824.844336 23209.527469 18574.404685 14774.499750 11680.459920 9178.175945 7168.067578 5564.127589 4292.806826 3291.810973 2508.867399 1900.508449 1430.906241 1070.783888 796.419261 588.750052 432.582991 315.905507 229.294813 165.417153 118.608586 84.528078 59.873568 42.152036 29.495194 20.513191 14.179616 9.741930 6.652346 
5.710928 8.414487 12.322472 17.935658 25.946935 37.308182 53.317699 75.733491 106.918741 150.026843 209.234542 290.032771 399.585792 547.170003 744.704195 1007.382950 1354.424089 1809.939338 2403.934588 3173.441886 4163.779572 5429.929456 7038.010680 9066.818718 11609.385174 14774.499750 18688.120534 23494.583198 29357.504769 36460.264268 45005.932141 55216.514258 67331.375912 81604.718078 98301.993475 117695.174766 140056.822140 165652.942573 194734.687740 227529.000475 264228.388655 304980.077525 349874.863062 398936.055596 452108.959985 509251.381228 570125.667853 634392.805667 701609.048339 771225.516798 842591.116431 914959.010846 987496.756977 1059300.053792 1129409.892691 1196832.730130 1260563.141372 1319608.268017 1373013.250444 1419886.747855 1459425.600091 1490937.681406 1513862.039172 1527785.499376 1532455.052258 1527785.499376 1513862.039172 1490937.681406 1459425.600091 1419886.747855 1373013.250444 1319608.268017 1260563.141372 1196832.730130 1129409.892691 1059300.053792 987496.756977 914959.010846 842591.116431 771225.516798 701609.048339 634392.805667 570125.667853 509251.381228 452108.959985 398936.055596 349874.863062 304980.077525 264228.388655 227529.000475 194734.687740 165652.942573 140056.822140 117695.174766 98301.993475 81604.718078 67331.375912 55216.514258 45005.932141 36460.264268 29357.504769 23494.583198 18688.120534 14774.499750 11609.385174 9066.818718 7038.010680 5429.929456 4163.779572 3173.441886 2403.934588 1809.939338 1354.424089 1007.382950 744.704195 547.170003 399.585792 290.032771 209.234542 150.026843 106.918741 75.733491 53.317699 37.308182 25.946935 17.935658 12.322472 8.414487 
