6.316303 6.544416 7.154065 8.181745 9.676984 11.711427 14.368964 17.779192 22.085555 27.463531 34.138694 40.825037 50.645000 62.750151 77.510831 93.833061 115.337463 141.285181 172.468081 209.800732 252.736148 305.513291 368.025102 441.790215 527.500889 628.170140 746.415328 792.559400 939.819234 1110.698697 1228.958501 1447.396623 1697.976539 1985.660540 2243.878282 2609.491315 3022.585847 3436.461054 3951.703277 4524.033898 5127.682648 5814.674138 6565.726159 6210.661653 6889.891450 6749.876304 7449.550335 8182.472785 8207.200945 8918.559285 9132.427939 9820.695864 10508.250378 11184.381871 11847.807669 12483.782085 12655.007343 13194.708189 13685.867398 14029.702355 14327.440459 14635.264247 14795.454954 14889.269841 14929.761181 14889.269841 14795.454954 14635.264247 14327.440459 14029.702355 13685.867398 13194.708189 12655.007343 12483.782085 11847.807669 11184.381871 10508.250378 9820.695864 9132.427939 8918.559285 8207.200945 8182.472785 7449.550335 6749.876304 6889.891450 6210.661653 6565.726159 5814.674138 5127.682648 4524.033898 3951.703277 3436.461054 3022.585847 2609.491315 2243.878282 1985.660540 1697.976539 1447.396623 1228.958501 1110.698697 939.819234 792.559400 746.415328 628.170140 527.500889 441.790215 368.025102 305.513291 252.736148 209.800732 172.468081 141.285181 115.337463 93.833061 77.510831 62.750151 50.645000 40.825037 34.138694 27.463531 22.085555 17.779192 14.368964 11.711427 9.676984 8.181745 7.154065 6.544416 
6.544416 6.772678 7.406685 8.470607 10.016126 12.121046 14.879388 18.406541 22.864713 28.435267 35.341773 42.895621 52.503061 65.004357 79.426430 97.888147 119.496807 146.368639 177.866424 216.447974 262.477025 316.466891 381.196099 456.995298 546.760057 651.101310 773.470539 860.061962 975.273705 1109.129632 1308.799681 1502.898062 1728.454193 2023.272841 2359.545921 2710.148800 3109.748133 3588.838130 4123.726207 4718.087885 5320.993856 6012.978791 6790.093221 6923.914829 6704.758254 7438.695331 7435.697821 8159.904867 8894.888257 9053.287001 9785.889894 10525.888374 11263.544396 11508.082107 12186.922792 12840.395178 13458.024064 14045.321359 14566.916315 14939.831019 15053.521255 15321.278895 15520.119478 15645.230656 15700.255017 15645.223755 15520.119478 15321.278895 15053.525056 14939.831004 14566.916316 14045.321359 13458.024069 12840.515676 12186.922796 11508.082107 11263.591617 10525.888260 9785.889894 9053.287006 8894.888258 8159.904867 7435.699687 7438.695331 6704.763859 6923.914806 6790.093221 6012.527745 5321.890450 4718.087885 4123.726207 3588.838206 3109.748147 2710.148799 2359.545921 2023.272841 1728.454193 1502.898062 1308.791529 1109.129632 975.288725 860.061962 773.470539 651.101310 546.760057 456.995298 381.196099 316.466891 262.477025 216.447884 177.866424 146.368639 119.496966 97.888147 79.426430 65.004357 52.503061 42.895621 35.341773 28.435267 22.864713 18.406541 14.879388 12.121046 10.016126 8.470607 7.406685 6.772678 
7.154065 7.406685 8.096957 9.257166 10.950688 13.250347 16.264037 20.125436 24.994906 31.082638 37.644600 46.786713 58.061380 70.284923 86.847270 107.029633 131.461340 159.999582 194.629079 236.822682 287.157638 346.982449 416.503632 499.989367 597.767107 712.570605 787.603653 934.743495 1060.452822 1214.343911 1432.711399 1645.983390 1930.804223 2221.334456 2589.769547 2975.753952 3417.772865 3942.712412 4528.897063 5156.461220 5845.700104 6626.636028 6730.108789 7015.425250 7800.246030 7770.938465 8573.361802 9413.389664 9559.059740 10385.034644 10931.327356 11528.385323 12333.442012 13127.302965 13745.478519 14481.420059 15178.723960 15557.857842 16040.980553 16531.623885 16949.863706 17229.238290 17470.875380 17578.526729 17617.193011 17578.526729 17470.875380 17229.238290 16949.863706 16531.623885 16040.980561 15557.857842 15178.723960 14481.420059 13745.478519 13127.302965 12333.442032 11528.385323 10931.327249 10385.034655 9559.059740 9413.389664 8573.361802 7770.938491 7800.246030 7015.425250 6730.108789 6626.635871 5845.700050 5156.461220 4528.897063 3942.712412 3417.772865 2975.753952 2589.769547 2221.334456 1930.804221 1645.983390 1432.711399 1214.343911 1060.452822 934.743495 787.603653 712.570605 597.767107 499.989367 416.503632 346.982449 287.157638 236.822682 194.629079 159.999582 131.461340 107.029633 86.847270 70.284923 58.061380 46.786713 37.644600 31.082638 24.994906 20.125436 16.264037 13.250347 10.950688 9.257166 8.096957 7.406685 
8.181745 8.470607 9.257166 10.592221 12.523652 15.153475 18.598875 23.012173 28.581613 34.513350 42.968723 53.446851 66.331454 81.003478 99.438502 122.533200 149.565531 183.177900 223.565655 271.241718 328.145167 396.420380 477.399387 572.942197 684.990785 754.235091 898.104864 1066.453353 1207.292350 1427.162687 1604.952749 1889.067275 2215.378715 2556.836774 2947.553229 3424.187778 3962.253523 4541.559127 5214.303608 5934.178429 6727.704640 6842.026617 7704.027047 7998.035224 8498.974471 9421.211167 9620.978499 10555.561788 11525.718710 11922.609582 12884.674132 13845.481222 14822.088386 15466.984102 16192.781057 17058.312505 17894.155070 18594.151057 19215.564926 19549.053234 19918.529838 20428.464335 20565.514767 20736.771681 20779.114825 20736.768157 20565.524169 20428.443284 19918.529838 19782.273132 19215.565123 18594.151057 17877.923749 17058.282891 16192.781057 15466.984102 14821.922107 13845.481225 12884.673873 11922.609431 11525.718710 10555.561788 9640.437111 9421.211042 8498.766462 7997.751310 7704.026990 6842.026449 6727.704640 5934.178467 5214.303608 4541.559127 3962.253523 3424.187778 2947.550875 2557.154085 2215.378715 1889.067275 1604.952432 1427.162687 1207.292320 1066.453353 898.104864 754.235005 684.990785 572.942221 477.398685 396.420380 328.145716 271.241718 223.565655 183.177892 149.565530 122.533200 99.438502 81.003478 66.331454 53.446850 42.968723 34.513350 28.581613 23.012173 18.598875 15.153475 12.523652 10.592221 9.257166 8.470607 
9.676984 10.016126 10.950688 12.523652 14.814818 17.923047 21.992967 27.213184 33.802747 40.809625 50.811128 63.206681 77.289630 95.785449 118.344221 144.718668 177.157372 216.936518 264.729152 321.074380 389.122790 469.539030 565.359004 678.403588 810.453751 892.994609 1063.467009 1204.851111 1428.699259 1644.581691 1939.558575 2280.132798 2601.107935 3041.149149 3542.517574 4110.833566 4694.416726 5408.659950 6206.379194 7091.357004 8038.441557 8153.475858 8517.994013 9068.900206 10095.223434 10864.939790 11977.568067 13141.829302 13653.288910 14828.891440 16025.803430 16876.163616 17755.688155 18895.523787 20005.116079 21071.954303 22080.906332 22572.902833 23394.075121 24107.636665 24697.463462 25177.114928 25519.068804 25751.919916 25790.199859 25751.919918 25519.073726 25177.107747 24697.463462 24107.636665 23394.075121 22572.902833 22080.906317 21071.954305 20005.138260 18895.523787 17755.688155 16876.163616 16025.802745 14828.131628 13653.288591 13141.828754 11977.599490 10864.939989 10095.223435 9068.900206 8517.994013 8153.475858 8038.441214 7091.354407 6206.378538 5409.272556 4694.416534 4110.833566 3542.517574 3041.149149 2601.107934 2280.132798 1939.558701 1644.581666 1428.699252 1204.851092 1063.467009 893.175578 810.453751 678.403588 565.359004 469.539030 389.122790 321.074380 264.729152 216.936518 177.157372 144.718668 118.344221 95.785724 77.289630 63.206681 50.811128 40.809625 33.802747 27.213184 21.992967 17.923047 14.814818 12.523652 10.950688 10.016126 
11.711427 12.121046 13.250347 15.153475 17.923047 21.684909 26.614435 32.929692 40.899955 49.380791 61.519249 75.365427 93.606458 115.993767 143.299131 175.312690 215.255658 262.955012 319.906922 389.079133 471.574550 569.598638 685.019790 821.105324 981.675831 1083.821377 1230.575889 1463.130981 1734.655728 1998.210688 2356.416967 2732.192747 3201.908592 3708.695237 4289.792268 4977.136965 5752.694499 6603.454840 7545.016643 8617.793789 9776.003411 9298.025301 10442.789784 11162.434335 12064.968536 13354.579126 14453.287901 15849.004958 17134.915496 18213.584164 19677.760015 21154.782719 22625.010246 23750.176111 25004.263319 26353.231486 27535.780557 28589.792617 29609.140958 30505.657505 30997.690104 31619.724198 32055.102945 32320.731464 32433.329696 32320.731464 32055.102948 31619.724198 30997.690104 30505.656280 29609.159049 28589.792622 27535.780562 26353.231486 25004.263319 23750.176111 22625.010252 21154.782767 19677.760015 18213.584164 17134.915493 15849.237258 14453.287901 13354.579133 12064.968536 11162.434335 10442.789670 9298.025301 9776.003368 8617.793789 7545.016373 6603.454840 5752.722922 4977.136965 4289.792268 3708.695345 3201.908592 2732.192747 2356.416967 1998.210672 1734.655728 1463.130981 1230.575889 1083.822020 981.675843 821.105324 685.019790 569.598638 471.574550 389.079133 319.906922 262.955012 215.255658 175.312690 143.299131 115.993767 93.606458 75.365427 61.519249 49.380791 40.899955 32.929692 26.614435 21.684909 17.923047 15.153475 13.250347 12.121046 
14.368964 14.879388 16.264037 18.598875 21.992967 26.614435 32.663941 40.413893 48.714320 60.684979 75.592297 92.620019 115.075746 142.573252 174.904605 215.490808 264.609813 322.866461 393.837064 478.346374 579.660630 699.337202 841.653831 1009.655612 1119.264920 1336.777557 1520.298843 1807.107637 2087.766920 2469.188712 2871.275820 3375.606502 3954.742203 4586.638684 5336.582384 6157.490553 7112.976062 8161.634752 9354.442131 10676.591590 10986.247167 11592.924256 12469.651927 13579.243002 15085.801879 16442.634642 18109.598761 19851.859812 21467.884998 23306.916715 25178.281296 26560.279254 28404.580436 30224.094391 31909.916369 33605.634604 34707.254348 36137.694206 37459.951288 38589.913786 39544.633571 40306.968935 40888.211553 41223.685470 41332.281603 41223.682469 40888.208308 40306.968952 39544.633571 38590.136554 37452.513744 36137.694206 34707.242570 33605.634609 31909.916369 30224.094391 28404.580462 26560.258798 25180.299233 23306.897763 21467.885391 19679.342117 18109.598761 16442.634642 15085.801879 13579.243027 12469.648911 11593.199566 10986.394926 10676.591590 9354.442131 8161.634752 7091.961447 6157.490545 5336.582385 4586.638684 3954.743337 3375.606502 2871.275820 2469.192894 2087.766920 1807.107637 1520.298843 1336.302384 1119.264920 1009.655628 841.653831 699.337202 579.660630 478.346374 393.837085 322.866461 264.609813 215.490808 174.903662 142.573252 115.075746 92.620019 75.592297 60.684979 48.714320 40.413893 32.663941 26.614435 21.992967 18.598875 16.264037 14.879388 
17.779192 18.406541 20.125436 23.012173 27.213184 32.929692 40.413893 50.001684 60.369875 75.201818 93.666083 114.851852 142.668635 175.483209 216.828367 267.096108 327.854540 400.128641 488.081383 593.287714 717.901308 866.422581 1042.729038 1250.675286 1392.494101 1662.129760 1896.072848 2197.413252 2605.776750 3080.220834 3568.300244 4195.028569 4882.847354 5702.336058 6634.648093 7704.911983 8869.123431 10157.530773 11638.285499 13265.417477 13746.139189 14058.747171 15766.935276 17196.900398 18839.457861 20837.502317 22030.893724 23913.820533 26161.565963 28475.517952 30835.044155 34097.266954 36465.378865 38387.701996 40632.437563 42698.430331 44587.218808 46429.657046 48093.489973 49554.433351 50810.460940 51497.850123 40846.937812 41170.753017 41279.404033 41170.753017 40846.937812 51497.853935 50810.460939 49554.461308 48093.495590 46429.657046 44587.218803 42698.430331 40632.437563 38387.701996 36465.389136 34097.531212 30835.679426 28475.517952 26161.565964 23913.820533 22030.895068 20837.502317 18839.457861 17197.048159 15766.935276 14058.747171 13746.139194 13276.277921 11638.285499 10157.530773 8869.123438 7704.912608 6634.648094 5702.336058 4882.847354 4195.028569 3568.300189 3080.220834 2605.799556 2197.413280 1896.072848 1662.129760 1392.494101 1250.675282 1042.729038 866.422574 717.901308 593.287714 488.081383 400.128674 327.854540 267.096108 216.828367 175.483209 142.668635 114.851852 93.666080 75.201818 60.369875 50.001684 40.413893 32.929692 27.213184 23.012173 20.125436 18.406541 
22.085555 22.864713 24.994906 28.581613 33.802747 40.899955 48.714320 60.369875 73.885575 92.178259 113.954118 141.954279 176.373381 217.757595 269.124449 332.447576 406.867829 497.910867 607.242737 737.160085 893.028826 1078.181149 1240.318518 1489.237765 1678.296770 1946.484579 2323.445544 2716.832804 3223.914873 3778.434846 4456.285233 5207.900016 6103.000728 7103.670069 8264.929749 9579.468059 11058.965035 12700.364387 14544.522494 16585.761608 15412.429639 16831.902074 18538.152152 20506.581913 22701.751704 25182.674132 26936.226640 29559.456986 32413.061317 35358.846190 38370.664598 41413.780652 44464.349135 48199.890305 51186.680275 53691.759896 43809.393568 46565.335513 48178.272303 49590.075981 50778.487405 40636.883881 41152.980005 41464.547743 41569.782119 41464.547743 41152.239655 40636.883848 50778.487405 49590.075981 48178.272303 46565.335514 43809.421142 53644.337926 51186.680288 48199.890306 44464.349144 41413.780496 38370.664602 35358.846394 32413.061457 29559.456987 26929.944169 25183.317658 22867.661223 20506.581913 18538.152194 16831.902182 15412.430381 16585.761610 14544.522494 12700.264597 11058.964859 9579.468059 8264.379710 7125.954349 6103.000728 5207.900019 4456.285233 3778.434846 3223.914627 2716.832804 2323.445544 1946.484541 1678.296770 1489.118441 1240.870379 1078.181149 893.028825 737.160085 607.242737 497.910867 406.867829 332.447576 269.124449 217.757594 176.371557 141.955478 113.954118 92.178259 73.885575 60.369875 48.714320 40.899955 33.802747 28.581613 24.994906 22.864713 
27.463531 28.435267 31.082638 34.513350 40.809625 49.380791 60.684979 75.201818 92.178259 114.971119 142.191797 177.043079 219.926154 271.542487 335.522265 412.494027 506.436421 620.400058 756.377457 878.911792 1065.405519 1270.094194 1531.148011 1840.554294 2103.976348 2445.492741 2900.524853 3397.554850 3996.235560 4728.938370 5576.574773 6525.628505 7629.231303 8894.367899 10345.305977 11976.911068 13822.752697 14876.453244 17079.894793 19561.102278 19475.554508 19940.225679 22531.213998 25042.569076 27836.592123 30986.239222 33451.883668 36803.296240 40350.443704 44094.541888 47921.780160 51876.736076 55717.273578 46633.772032 49421.137282 52756.703754 43408.409902 45257.343450 47770.973849 49208.388468 40941.227270 41628.769313 41828.390145 42129.931581 42231.795192 42129.931581 41828.390133 41628.769327 40943.977927 49208.402753 47770.948741 45257.343450 43408.409900 52746.597575 49421.137282 46633.772032 55777.759377 51876.736076 47921.780160 44091.848910 40350.443680 36803.296240 33322.208356 30986.325573 27843.579348 25042.569076 22531.213998 19940.225679 19474.277820 19561.102276 17079.895128 14857.489052 13822.871008 11976.911068 10345.305977 8894.367899 7629.231303 6525.621848 5576.574773 4728.938370 3996.004359 3397.554850 2900.524853 2445.492741 2103.976348 1840.554294 1531.148002 1270.094194 1065.405519 878.911384 756.377457 620.400058 506.436421 412.494027 335.522265 271.542487 219.926154 177.043079 142.191797 114.971119 92.178259 75.201818 60.684979 49.380791 40.809625 34.513350 31.082638 28.435267 
34.138694 35.341773 37.644600 42.968723 50.811128 61.519249 75.592297 93.666083 113.954118 142.191797 176.571033 219.910013 272.649529 337.891052 417.408645 513.564516 630.425620 771.731999 902.677385 1079.383045 1310.577450 1585.791004 1911.417418 2209.917580 2569.085237 3017.862912 3564.199827 4243.688434 5006.204701 5903.682276 6941.781835 8159.340120 9567.375633 11140.796219 12915.761220 13859.229035 16073.539567 18561.984750 20226.695046 23191.517813 22688.082230 25292.985171 28276.086790 30788.913617 34231.783309 38201.881122 42434.133499 45980.644511 50581.818828 55343.052707 60265.193693 51080.450398 54934.344653 46196.164610 48589.531356 51300.382402 53902.427228 44987.740517 47497.683766 48974.735006 40510.508059 42190.774935 43773.680316 44070.227002 44166.988902 44067.913810 43773.681552 42190.774927 40510.508060 39505.671670 47497.735759 44987.748013 54516.157736 51300.382410 48589.531361 46196.164609 54934.355691 51080.450527 60265.193506 55338.865018 50581.818838 45980.644739 41644.085912 38201.881122 34231.783309 30798.267833 28276.034470 25292.985028 22688.082230 23191.517813 20226.695047 18561.984750 16073.539594 13859.228949 12915.761220 11127.305013 9567.375633 8159.340120 6941.805193 5903.682276 5006.204701 4243.688410 3564.199827 3017.862912 2569.085237 2209.917580 1911.417418 1585.791004 1310.555178 1079.383045 902.677381 771.732003 630.425620 513.564516 417.408645 337.891052 272.649529 219.910013 176.571033 142.191797 113.954118 93.666080 75.592297 61.519249 50.811128 42.968723 37.644600 35.341773 
40.825037 42.895621 46.786713 53.446851 63.206681 75.365427 92.620019 114.851852 141.954279 177.043079 219.910013 273.740640 339.410613 420.471426 519.354406 638.930625 754.711548 903.234603 1104.152662 1345.398597 1585.730129 1898.611935 2293.731137 2760.214090 3217.559556 3764.675692 4451.382789 5300.677756 6256.726261 7379.132108 8698.746315 10187.002436 11920.133949 12723.244620 14872.667442 17279.003943 18859.559523 21866.418692 25238.062949 27877.732575 27572.065902 30563.919402 34439.881478 38713.736467 42470.016127 47488.997413 52826.020483 58338.275849 63537.946779 54542.281836 59425.680970 50557.415663 54349.946461 45709.394927 48505.321935 51245.106870 53875.964075 45841.073761 47623.212858 49925.125766 42468.781082 43394.032180 44881.686569 46279.746009 47537.868235 46279.738369 44881.686568 43394.032161 42468.781277 49925.113694 47623.224245 45841.112230 53875.964075 51245.106872 48505.321946 45709.394925 54349.933455 50557.501376 59425.294252 54542.648169 63537.949377 58338.275847 52826.020483 47489.032728 42470.016130 38713.736466 34439.881478 30561.997675 27571.570704 27877.732767 25238.063169 21866.418692 18859.559523 17279.003943 14872.667442 12723.244692 11920.128616 10186.999489 8699.021858 7379.132108 6256.726271 5300.677756 4451.382789 3764.675692 3217.559556 2760.214082 2293.731126 1898.611935 1585.730129 1345.467984 1104.152662 903.234603 754.711548 638.930625 519.354406 420.471426 339.410613 273.740640 219.910013 177.043079 141.955478 114.851852 92.620019 75.365427 63.206681 53.446850 46.786713 42.895621 
50.645000 52.503061 58.061380 66.331454 77.289630 93.606458 115.075746 142.668635 176.373381 219.926154 272.649529 339.410613 421.173261 521.669221 643.912980 765.370084 916.728478 1124.091534 1373.876713 1605.540088 1952.534530 2367.200850 2837.791720 3417.604972 3950.411186 4678.522630 5550.524274 6564.015087 7790.947338 9197.792005 10841.297240 12714.234496 13530.946161 15874.708250 17273.162440 20173.758003 22387.030335 26042.347834 30004.934446 34502.598703 33212.883273 37574.330315 42452.585058 47970.107594 52893.350540 59128.178470 65791.892152 72892.249967 63243.303440 54784.730379 47592.816810 50780.053016 55416.959374 46874.575791 49756.768456 52593.728817 45801.168838 47919.268475 50350.838151 51630.423811 45836.965616 55454.320232 48410.654802 49736.198577 47011.521688 49735.783193 48411.005933 55453.865470 45836.965615 51630.423811 50350.838150 47919.268475 45801.101476 52593.728823 49775.773100 46874.575785 54985.931465 50780.053016 47592.816810 54784.730379 63239.948255 72892.249967 65841.296962 59128.178462 52893.350547 47840.756916 42452.585058 37390.291382 33211.582391 34502.598703 30012.955229 26042.347834 22387.030334 20173.758003 17261.346269 15874.708250 13530.943838 12714.234496 10830.892502 9197.792005 7790.947338 6564.015087 5550.524274 4678.212340 3950.411180 3417.604972 2837.792005 2367.200850 1952.534530 1605.281753 1373.876713 1124.091534 916.728160 765.370084 643.912980 521.669221 421.173261 339.410613 272.649529 219.926154 176.371557 142.668635 115.075746 93.606458 77.289630 66.331454 58.061380 52.503061 
62.750151 65.004357 70.284923 81.003478 95.785449 115.993767 142.573252 175.483209 217.757595 271.542487 337.891052 420.471426 521.669221 645.995675 749.395102 925.089261 1137.931641 1359.991401 1636.348507 1996.798276 2427.918592 2863.041728 3461.978118 4170.684004 4902.409669 5813.309473 6902.004235 8189.169528 9698.164093 11447.513649 12137.294209 14320.039506 16804.780706 18289.110284 21457.007678 23742.303165 27730.249267 31161.327918 36126.766533 41617.981244 41517.724813 46407.306833 52416.575169 58488.340880 65892.546631 73827.441391 65102.220501 72123.346061 62949.864087 55366.861711 49176.586765 53152.569074 56549.370352 50402.587766 46052.885461 48628.117798 51100.402679 53443.172686 55621.648537 57607.687311 59371.517666 60871.652909 60781.323996 58919.198174 60036.025381 58917.659778 60781.323680 60871.644296 59371.517665 57607.687312 55623.290597 53443.172690 51097.827307 48628.117817 46052.949050 50402.586176 56681.121368 53152.569074 49176.586765 55328.371229 62949.864060 72120.468476 65103.615316 73828.683493 65892.551944 58488.340880 52411.100190 46407.306833 41844.424502 41617.981243 36115.813093 31161.327919 27729.054462 23742.280238 21457.007827 18289.110284 16804.780702 14320.039506 12137.294209 11447.482083 9715.218416 8189.054601 6902.004241 5813.309473 4902.409669 4170.684004 3461.978118 2863.041728 2427.918565 1996.798276 1636.348401 1359.991401 1138.159352 925.089261 749.395102 645.995675 521.669221 420.471426 337.891052 271.542487 217.757594 175.483209 142.573252 115.993767 95.785724 81.003478 70.284923 65.004357 
77.510831 79.426430 86.847270 99.438502 118.344221 143.299131 174.904605 216.828367 269.124449 335.522265 417.408645 519.354406 643.912980 749.395102 927.756025 1144.971801 1348.869727 1657.422574 2029.211333 2475.526817 2929.564727 3554.249558 4296.315884 5149.307646 6090.951834 7199.577017 8564.593796 10148.137244 12024.601389 12724.273466 15064.226991 16323.043454 19268.344422 22691.380383 25116.129114 29453.027278 33129.316936 38612.200488 44503.768501 50174.259294 51009.195852 57940.295112 64996.098158 72989.640792 82175.197441 73130.304320 65044.616991 71923.730336 63954.647951 57527.541073 62520.933606 56846.304467 52458.701024 55957.614479 53175.870622 56185.424921 59062.761612 61816.039088 64372.158864 66709.751253 68795.188156 67962.983163 66951.412097 67157.351676 67672.273425 67157.351695 66951.407858 67962.969879 68795.188150 66709.751254 64372.158859 61816.039092 59062.770465 56185.424957 53175.948587 55957.614481 52458.701023 56846.280826 62520.941872 57527.541151 63956.819897 71925.484121 65044.616774 73130.304318 82175.197422 72989.640792 64995.487156 57940.295032 51009.195852 50174.491759 44502.017063 38612.200488 33129.317745 29453.027278 25116.129114 22692.077730 19268.344422 16323.043454 15064.227011 12724.176271 12024.412869 10148.137244 8564.593796 7199.577017 6091.028748 5149.307646 4296.315884 3554.249558 2929.564675 2475.526817 2029.211333 1657.371336 1348.869727 1144.972242 927.756025 749.395102 643.912980 519.354406 417.408645 335.522265 269.124449 216.828367 174.903662 143.299131 118.344221 99.438502 86.847270 79.426430 
93.833061 97.888147 107.029633 122.533200 144.718668 175.312690 215.490808 267.096108 332.447576 412.494027 513.564516 638.930625 765.370084 925.089261 1144.971801 1353.365791 1668.110939 2049.117440 2438.156344 2978.597227 3625.624297 4397.397299 5225.768290 6298.393751 7563.790705 8896.642606 10586.676649 12572.338885 13276.496052 15760.313411 17042.301532 20213.926835 22359.463063 26408.997709 31075.923965 34883.179144 40822.618239 46369.463069 53799.532255 62074.403139 63825.296764 71525.153485 80664.816263 91249.093012 81640.006322 73482.877144 66543.347467 73548.785895 67187.057924 62463.042031 67473.472436 63294.266477 61144.813925 65162.641674 64015.785513 67689.305615 71205.316465 74528.410614 77631.809800 80473.998095 78499.952575 79179.349019 80308.641977 80680.276715 80670.195414 80680.277695 80309.142328 79179.359403 78499.952562 80474.771134 77631.809787 74529.673154 71205.316294 67689.305703 64015.785607 65162.641680 61160.498188 63451.529527 67841.561085 62463.042173 67187.058253 73549.685178 66543.347467 73482.877153 81640.006322 91295.831775 80664.856643 71658.998873 63825.296947 62074.403148 53799.532255 46369.463217 40822.618239 34885.517745 31075.923965 26408.997709 22366.173438 20213.926835 17042.301532 15760.313411 13276.496052 12572.578318 10586.676649 8896.642606 7563.790705 6298.527239 5225.768290 4397.397299 3625.624297 2978.597444 2438.156344 2049.117440 1668.110939 1353.365791 1144.972242 925.089261 765.370084 638.930625 513.564516 412.494027 332.447576 267.096108 215.490808 175.312690 144.718668 122.533200 107.029633 97.888147 
115.337463 119.496807 131.461340 149.565531 177.157372 215.255658 264.609813 327.854540 406.867829 506.436421 630.425620 754.711548 916.728478 1137.931641 1348.869727 1668.110939 2055.619489 2454.382273 3008.506853 3674.212479 4439.495085 5332.092302 6448.129297 7769.255745 9298.115455 10959.526557 13031.829756 13747.022336 16370.346023 17708.521479 21061.511781 23296.777596 27627.589395 31178.368340 36665.114997 43067.566913 49029.210226 55873.865956 64864.931612 74899.050096 78751.429963 89144.928665 101409.380672 92543.460074 82966.129216 75691.961103 70358.223266 77799.914998 64735.312544 70937.159753 76486.665848 82202.403727 87763.260091 78844.737747 79727.055234 84264.364475 88572.842546 92727.380243 96600.878374 94743.786504 96770.291861 98358.323834 99493.270205 100323.191998 100418.569166 100323.191665 99493.249963 98357.964322 96770.292173 94745.052831 96600.877022 92727.381314 88572.810283 84203.641301 79727.055235 78844.739635 87832.849491 82202.338099 76487.402156 70624.780048 64735.324297 77799.917761 70352.248142 75723.292041 82967.457726 92543.459496 101409.380671 89144.929237 78751.430769 74899.471087 64867.271007 56174.961508 49027.869718 43067.566913 36665.114997 31178.368989 27627.589395 23296.846705 21061.128367 17708.521467 16370.290417 13747.022336 13031.829756 10984.479690 9298.115506 7769.255745 6448.129297 5332.043528 4439.495057 3674.212479 3008.506853 2454.382273 2055.619489 1668.110939 1348.869727 1138.159352 916.728160 754.711548 630.425620 506.436421 406.867829 327.854540 264.609813 215.255658 177.157372 149.565530 131.461340 119.496966 
141.285181 146.368639 159.999582 183.177900 216.936518 262.955012 322.866461 400.128641 497.910867 620.400058 771.731999 903.234603 1124.091534 1359.991401 1657.422574 2049.117440 2454.382273 3018.556997 3698.818507 4437.666511 5404.363222 6557.640738 7896.863040 9456.379915 11356.861896 13589.817624 16031.402635 16913.193614 18290.650988 21802.693406 24122.064322 28704.693736 32334.714474 38298.991823 43772.655426 51323.383915 60101.077004 67997.295475 78995.839952 91288.094488 96290.875657 109937.246926 124871.253709 93532.153212 86397.465204 81622.668199 78481.964702 76715.951591 77030.101295 83951.746683 89758.047096 96359.857340 96575.837315 103072.975062 109484.272772 115728.818110 116190.098059 116226.584171 116830.227352 119930.807043 122724.349381 125105.365379 126860.744879 127933.165198 125363.842835 127712.156736 126860.522036 125105.411190 122955.644109 119939.339439 116430.733730 116226.876474 112624.498661 110470.874323 109484.272765 103072.975062 103325.458037 96441.244287 89759.564450 83613.803095 77030.173556 70343.499257 77961.339790 81639.442179 87178.085019 93532.153210 124867.023571 109937.248352 96328.167592 91289.436021 78995.839947 67989.032866 58971.312739 51323.380663 43772.655426 38299.010031 32334.714470 28704.708006 24122.064393 21805.467244 18290.651084 16913.193805 16031.402635 13563.973206 11356.861896 9456.379916 7896.863082 6557.640738 5404.363223 4437.666509 3698.853642 3018.556997 2454.382273 2049.117440 1657.371336 1359.991401 1124.091534 903.234603 771.732003 620.400058 497.910867 400.128674 322.866461 262.955012 216.936518 183.177892 159.999582 146.368639 
172.468081 177.866424 194.629079 223.565655 264.729152 319.906922 393.837064 488.081383 607.242737 756.377457 902.677385 1104.152662 1373.876713 1636.348507 2029.211333 2438.156344 3008.506853 3698.818507 4452.625604 5440.951827 6624.131711 7999.562527 9617.063681 11588.312774 13912.830502 16611.980374 17407.440444 20767.083959 22463.709318 24844.129475 29657.677876 33443.714616 39747.121703 45512.076034 53593.603819 63025.618877 72397.494229 83036.446842 96177.337795 107222.573231 118817.852809 134938.168523 125103.234190 97351.568713 93294.641079 90327.687094 99793.526508 85782.990713 94219.603806 101616.120406 109395.565620 117759.294627 120864.578859 128714.461548 132867.510638 140385.265084 145889.430460 148343.111880 152848.147876 154358.140375 158214.197525 161264.219151 163329.840739 164687.449008 165265.690262 164687.458109 163329.832925 161264.389857 158214.199668 154358.109881 152847.269362 148343.109947 145889.430030 138909.489971 132867.513204 128714.459678 120864.663377 117759.335228 109580.680132 101275.150871 94219.583310 85784.089150 89578.338716 90327.687094 93294.641078 97351.568710 125103.525827 134938.693021 118365.593132 110568.031680 96177.338070 82366.769107 72397.494229 63025.618876 53593.603819 45512.076034 39747.121751 33441.828528 29657.678200 24844.129662 22452.684434 20767.083960 17407.440448 16611.980374 13912.830502 11588.312774 9617.048931 7999.562709 6624.131711 5440.923893 4452.625604 3698.853642 3008.506853 2438.156344 2029.211333 1636.348401 1373.876713 1104.152662 902.677381 756.377457 607.242737 488.081383 393.837085 319.906922 264.729152 223.565655 194.629079 177.866424 
209.800732 216.447974 236.822682 271.241718 321.074380 389.079133 478.346374 593.287714 737.160085 878.911792 1079.383045 1345.398597 1605.540088 1996.798276 2475.526817 2978.597227 3674.212479 4437.666511 5440.951827 6646.481755 8005.669344 9714.815949 11713.881367 14115.593512 16947.664406 17882.511904 21416.994383 23057.853496 27539.614315 30489.414644 34416.557738 41024.154816 46926.062148 54344.448715 64262.152911 75643.344633 88289.590746 102930.991025 117186.629814 131086.554055 145253.205444 136247.238707 128170.370131 105108.847939 93886.718944 104285.804486 114987.786389 111398.344536 116828.793562 127099.358902 136433.330311 142912.386151 150682.017707 160719.485136 170606.640967 177086.791209 180773.757070 187419.899890 193838.834108 199727.219750 204690.994744 208510.147269 211315.332170 213039.498832 213635.952173 213039.504289 211313.249948 208510.146853 204690.999015 199727.157614 193907.480975 187419.900500 180777.661296 178447.596723 170606.648708 160719.480323 153191.269165 142912.272634 136432.330115 127099.358904 116828.817722 111398.329147 115290.338841 104556.080031 103542.523549 105108.847588 128170.370151 136247.012176 145258.492300 131086.033894 117186.630601 102930.991025 88289.809568 75643.344604 64031.139806 55633.286430 46926.062148 41024.647526 34416.557738 30489.414644 27539.614341 23057.662173 21416.994376 17882.511904 16947.664406 14065.012081 11745.818055 9714.815949 8005.669344 6646.481755 5440.923893 4437.666509 3674.212479 2978.597444 2475.526817 1996.798276 1605.281753 1345.467984 1079.383045 878.911384 737.160085 593.287714 478.346374 389.079133 321.074380 271.241718 236.822682 216.447884 
252.736148 262.477025 287.157638 328.145167 389.122790 471.574550 579.660630 717.901308 893.028826 1065.405519 1310.577450 1585.730129 1952.534530 2427.918592 2929.564727 3625.624297 4439.495085 5404.363222 6624.131711 8005.669344 9747.594213 11824.716324 14207.806438 17117.148711 20518.251309 21780.862355 23621.185745 28154.648008 31207.764174 37262.534394 42143.191496 48282.744416 57435.025712 66291.622713 77159.434774 90850.856865 106456.595769 123614.185989 142984.894167 160649.752488 178912.149829 141001.365232 135865.869059 118087.191444 112756.983125 124719.056238 131069.820923 144316.343659 156564.838098 163628.975002 172825.523500 183054.941768 194035.791946 206928.285814 216447.869193 224255.534824 233437.912973 242573.691076 251239.166388 258830.221262 265246.363066 270223.013085 273804.557827 276017.932350 276772.944887 276016.564688 273815.431605 270222.916446 265246.372382 258829.661251 251239.880250 242645.285802 233194.559747 224255.531961 217831.170007 206928.276633 196181.903161 183054.941770 172756.812471 159887.079108 156566.080136 144577.180586 137768.409577 124719.036218 112757.001312 118087.191461 135372.079712 140836.691619 178367.947006 160649.752487 144022.969308 123614.187837 106456.921884 90841.177797 77159.434774 66291.622707 57432.624612 48281.678685 42166.923347 37262.534394 31207.753361 28154.648008 23621.185745 21780.862360 20518.245896 17117.114008 14207.821737 11824.716323 9747.594213 8005.669344 6624.131711 5404.363223 4439.495057 3625.624297 2929.564675 2427.918565 1952.534530 1585.730129 1310.555178 1065.405519 893.028825 717.901308 579.660630 471.574550 389.122790 328.145716 287.157638 262.477025 
305.513291 316.466891 346.982449 396.420380 469.539030 569.598638 699.337202 866.422581 1078.181149 1270.094194 1585.791004 1898.611935 2367.200850 2863.041728 3554.249558 4397.397299 5332.092302 6557.640738 7999.562527 9714.815949 11824.716324 14339.879364 17232.148680 20722.026757 24825.492311 26471.541460 28681.289468 31838.747794 38053.556647 43047.435354 51334.458781 58977.718489 70070.319863 79632.213437 93797.924790 109720.331311 128132.514045 148785.089118 173307.858862 196029.422362 217681.901041 149779.422927 148701.650834 137821.357950 138404.399604 152949.529908 169556.769969 179929.102133 191019.638885 206624.738847 220442.313556 234945.459123 251636.599298 263296.171163 277663.458539 288524.152320 301441.652211 313837.291209 325117.292385 333870.678789 341597.600492 348420.568560 352393.504336 355197.066313 355417.718067 354449.698739 352351.088298 348418.200177 341597.622949 333870.679907 325117.171304 313837.300462 301441.667487 288524.145632 277663.498847 263296.148955 250258.557047 234945.459131 220442.314033 206624.736721 191020.673149 179929.055090 169556.769952 152949.472424 138404.442846 129595.655762 148701.650834 149779.423048 217679.668010 196029.412088 173308.037896 148785.092600 128132.512851 109720.332410 92886.680120 79632.213437 70070.291205 58977.718441 51334.458781 43047.435345 38053.565847 31838.747770 28681.289476 26447.390450 24825.492259 20722.026758 17232.148680 14339.879364 11824.716323 9714.815949 7999.562709 6557.640738 5332.043528 4397.397299 3554.249558 2863.041728 2367.200850 1898.611935 1585.791004 1270.094194 1078.181149 866.422574 699.337202 569.598638 469.539030 396.420380 346.982449 316.466891 
368.025102 381.196099 416.503632 477.399387 565.359004 685.019790 841.653831 1042.729038 1240.318518 1531.148011 1911.417418 2293.731137 2837.791720 3461.978118 4296.315884 5225.768290 6448.129297 7896.863040 9617.063681 11713.881367 14207.806438 17232.148680 20823.746880 25030.340533 26700.066442 32039.199228 34821.408597 38739.895517 43737.108143 52314.500928 60051.160599 69840.800549 83060.766194 98126.029639 114100.513602 133341.560990 154831.899013 179826.592548 209321.061549 236066.615340 223354.249019 165347.261554 156397.809694 165674.998966 176876.812432 190232.094572 207080.000927 224001.792886 242118.411950 260531.066931 281538.081491 303090.777730 319689.993818 336134.242860 354562.401630 371779.594954 389037.224429 405161.107623 419705.920797 432446.581567 443139.260439 451101.831545 456883.397083 460146.550600 450630.586935 449383.314730 456428.998992 451101.156295 443139.279136 432447.151890 419705.784912 405161.131890 389036.501679 371779.575523 354563.948376 336133.596768 319759.287739 303090.832863 281538.099402 260531.199105 242118.498703 223029.173542 207080.000441 190783.993871 176880.836897 165673.598502 156397.809515 165193.758896 223354.249790 236066.616663 205635.118952 179828.066594 154307.923497 133341.807447 114100.513616 98126.029633 83060.766194 69840.805638 60177.985032 52310.010465 43737.346104 38689.486650 34821.414386 32039.199236 26700.066442 25030.340534 20823.746880 17232.148680 14207.821737 11745.818055 9617.048931 7896.863082 6448.129297 5225.768290 4296.315884 3461.978118 2837.792005 2293.731126 1911.417418 1531.148002 1240.870379 1042.729038 841.653831 685.019790 565.359004 477.398685 416.503632 381.196099 
441.790215 456.995298 499.989367 572.942197 678.403588 821.105324 1009.655612 1250.675286 1489.237765 1840.554294 2209.917580 2760.214090 3417.604972 4170.684004 5149.307646 6298.393751 7769.255745 9456.379915 11588.312774 14115.593512 17117.148711 20722.026757 25030.340533 30089.929248 32170.705024 35094.538363 42176.745656 46859.479950 53200.542946 61129.475783 72937.568936 84619.066410 99203.622351 116951.515000 137927.805115 161101.932040 186942.502028 217748.341773 252510.761937 285653.980801 233991.584564 189102.693683 188062.482014 203067.323376 225570.306334 237389.707052 260106.818767 279496.530994 303473.605038 328037.053135 354974.271553 380901.690614 402674.327552 428539.016591 451329.169467 465608.255944 487432.951565 507955.710113 525190.874670 526520.171794 495695.383026 483013.180370 465755.206047 469794.087945 447207.829526 481300.948592 466251.001906 483014.003073 495695.423531 515854.436249 525190.583822 507957.053808 488174.157343 465608.210792 451329.172018 428539.058955 402999.729510 383800.976495 354974.310660 328037.453127 303473.807751 280135.840599 258924.948278 243933.283615 225570.306238 210698.511695 187775.624917 176478.556483 233992.406901 286117.191438 252372.289806 217748.457400 186942.502038 162476.338894 137927.805116 117260.359662 99203.664543 84635.149577 71074.305783 61125.571006 53200.542946 46882.834183 42176.745656 35094.538363 32205.982099 30089.929248 25030.340534 20722.026758 17117.114008 14065.012081 11588.312774 9456.379916 7769.255745 6298.527239 5149.307646 4170.684004 3417.604972 2760.214082 2209.917580 1840.554294 1489.118441 1250.675282 1009.655628 821.105324 678.403588 572.942221 499.989367 456.995298 
527.500889 546.760057 597.767107 684.990785 810.453751 981.675831 1119.264920 1392.494101 1678.296770 2103.976348 2569.085237 3217.559556 3950.411186 4902.409669 6090.951834 7563.790705 9298.115455 11356.861896 13912.830502 16947.664406 20518.251309 24825.492311 26700.066442 32170.705024 35370.791368 39612.469768 45083.968465 54203.432232 62463.726086 72655.734060 86554.696272 100777.504954 118698.802966 139995.861209 165122.502298 194437.407922 226750.859838 261051.278038 302462.639157 343686.284080 252257.392784 210772.111661 226593.052885 249209.483274 265606.145016 288538.464680 313053.630869 340325.380950 372659.115599 404165.061654 433637.796496 454819.984810 473691.511422 489746.968311 498128.413525 478870.544521 378755.981072 299513.587510 314721.977942 293313.738485 311313.483580 320439.420428 327028.040107 329610.392180 334768.454396 328351.001918 327025.330721 320438.178621 311313.563671 296720.934539 314723.026391 299514.133087 340530.600214 478871.004879 498129.741726 489747.149515 473692.896079 454812.217017 434993.340477 400513.644645 372659.343629 340326.726907 311851.399885 288536.036191 266246.353165 249209.482143 226548.001070 220677.578365 252260.494262 343686.394511 302462.099916 261050.800134 226127.787351 194437.379208 165122.502286 139995.830945 119918.621038 100777.505748 86555.046813 72655.730832 62422.131473 54203.432232 45083.990258 39612.470076 35370.791368 32205.982099 26700.066442 24825.492259 20518.245896 16947.664406 13912.830502 11356.861896 9298.115506 7563.790705 6091.028748 4902.409669 3950.411180 3217.559556 2569.085237 2103.976348 1678.296770 1392.494101 1119.264920 981.675843 810.453751 684.990785 597.767107 546.760057 
