22.745504 23.375942 25.141307 28.120426 32.430289 35.777475 42.928884 51.971413 61.137102 74.843716 91.771874 110.585613 135.324866 165.314154 201.368718 242.831494 294.093393 354.965699 426.969731 511.834561 610.037584 726.545112 862.437321 875.007898 1036.674931 1108.576795 1310.292222 1458.921094 1721.367950 2026.369772 2309.393337 2708.589405 3167.477021 3692.793199 4235.736949 4910.794656 5673.474367 6530.659417 7488.789667 8512.791775 9621.608530 9041.617384 8873.688195 9036.509346 10029.808832 10443.471780 11481.372525 12567.796184 13198.026368 14310.328269 15444.986402 16591.418848 17142.152728 18227.242731 19291.494335 20314.036237 21283.532243 22186.276679 23009.235974 23454.343505 24005.487159 24469.623908 24783.726404 24989.000676 25051.653384 24989.000676 24783.726404 24469.623908 24005.487159 23454.343505 23009.235974 22186.276679 21283.532243 20314.036237 19291.494335 18227.242731 17142.152728 16591.418848 15444.986402 14310.328269 13198.026368 12567.796184 11481.372525 10443.471780 10029.808832 9036.509346 8873.688195 9041.617384 9621.608530 8512.791775 7488.789667 6530.659417 5673.474367 4910.794656 4235.736949 3692.793199 3167.477021 2708.589405 2309.393337 2026.369772 1721.367950 1458.921094 1310.292222 1108.576795 1036.674931 875.007898 862.437321 726.545112 610.037584 511.834561 426.969731 354.965699 294.093393 242.831494 201.368718 165.314154 135.324866 110.585613 91.771874 74.843716 61.137102 51.971413 42.928884 35.777475 32.430289 28.120426 25.141307 23.375942 
23.375942 24.014439 25.831389 28.892039 33.317954 36.794411 44.153525 52.294311 63.835455 77.043444 94.404785 114.502431 139.269772 170.047915 206.210888 250.469406 302.445796 365.008657 438.279378 525.435465 627.780889 746.881582 886.095264 901.320388 1007.767946 1192.405048 1352.578332 1543.904877 1778.055092 2055.158909 2414.209964 2796.228800 3240.821284 3779.251063 4393.075584 5045.191854 5828.674589 6708.349515 7693.389697 8774.715286 9953.387096 8704.369497 9752.824335 9765.711497 10093.293307 11146.988650 11717.023544 12819.923020 13802.503894 14724.844686 15900.618576 17066.045672 18239.389526 19402.104016 20206.407311 21278.729198 22301.753853 23239.198090 24032.849706 24623.772702 25035.198460 25626.699052 25854.385728 26061.536059 26132.255985 26061.560204 25854.385728 25626.699052 25035.203187 24623.772702 24032.849702 23239.198090 22301.753853 21278.729198 20206.407311 19402.368275 18240.035067 17066.045633 15900.618543 14724.844686 13802.503896 12819.923020 11717.023544 11146.988650 10093.294651 9765.859258 9752.824335 8704.369437 9953.386841 8785.575668 7693.389690 6708.349515 5828.674593 5045.191854 4393.075584 3779.251687 3240.821284 2796.228800 2414.210019 2055.158903 1778.055093 1543.904877 1352.601138 1192.405048 1007.767946 901.320419 886.095264 746.881582 627.780889 525.435471 438.279378 365.008657 302.445796 250.469406 206.210888 170.047948 139.269772 114.502431 94.404785 77.043444 63.835458 52.294311 44.153525 36.794411 33.317954 28.892039 25.831389 24.014439 
25.141307 25.831389 27.781759 31.070484 34.352159 40.536271 47.570209 56.292162 68.640821 83.133113 100.655236 123.386014 150.963363 182.512828 222.263392 269.906980 326.685621 393.207166 472.160912 565.943385 676.058327 804.903703 867.086668 1027.586536 1085.730607 1284.862912 1416.569166 1672.820223 1930.946381 2232.419024 2620.892746 3038.529658 3549.343169 4102.030501 4764.982582 5494.277582 6340.488168 7268.197351 8328.468287 9506.615663 9633.689026 10078.667451 10032.524170 10328.284850 11459.616372 12019.685346 13211.678522 14459.509739 15253.281820 16537.946942 17847.406645 18808.402797 20103.604631 21372.999032 22375.735302 23559.855538 24683.626673 25727.467181 26487.933511 27290.079857 27884.947793 28393.332850 28787.309815 29012.018170 29103.220399 29012.010998 28787.314739 28393.332850 27877.537808 27290.079857 26487.933511 25727.467181 24683.604496 23560.047083 22375.735302 21372.999032 20103.604631 18809.162609 17847.406645 16537.946940 15253.281821 14287.635573 13211.647087 12019.685346 11459.616372 10328.284850 10032.524563 10078.667451 9633.689026 9506.615663 8328.468314 7267.584745 6340.486739 5494.277582 4743.417927 4102.030501 3549.343169 3038.529658 2620.892746 2232.419024 1930.946381 1672.820199 1416.569040 1284.862912 1085.730607 1027.405567 867.086668 804.309205 676.058327 565.943385 472.160912 393.207166 326.685617 269.906980 222.263392 182.512828 150.963363 123.386014 100.655236 83.132838 68.638055 56.292162 47.570209 40.536272 34.352159 31.070484 27.781759 25.831389 
28.120426 28.892039 31.070484 34.756966 38.345417 45.248830 54.210790 63.091284 76.933643 92.940708 113.057589 138.488065 169.382940 205.558317 249.446576 302.807213 365.550869 440.932213 530.065662 634.378589 757.500518 901.097617 966.831949 1146.069899 1272.342098 1391.760573 1644.403259 1895.473215 2185.094250 2568.054077 2942.955185 3444.365706 4019.817424 4676.970953 5371.913931 6201.331040 7151.916377 8218.868247 9410.025769 10710.559672 10819.100987 10750.096863 12038.525205 12322.465407 12927.876675 14271.641013 15326.461524 16459.063238 17923.515922 19147.164085 20657.921324 22184.022305 23702.283756 24892.120206 26335.726536 27726.897256 29044.862955 30182.068196 31151.139041 32094.613348 32893.844521 33448.083475 33898.075520 34177.010208 34251.741071 34176.999918 33898.050419 33448.083472 32893.844512 32094.613346 31151.139041 30182.068196 29044.891454 27726.897275 26335.962674 24892.120190 23702.283750 22181.329364 20657.921324 19147.163815 17923.515925 16459.063389 15326.461524 14271.727355 12927.876789 12322.518930 12038.525205 10750.096802 10817.824554 10710.559672 9410.026095 8218.868247 7151.916712 6201.331040 5371.913931 4676.970845 4019.819885 3444.365763 2942.955185 2568.047361 2185.094250 1895.473296 1644.403259 1391.760573 1272.342098 1146.069899 966.831937 901.097708 757.500518 634.378589 530.065653 440.932213 365.550869 302.807213 249.446576 205.558317 169.382940 138.488065 113.057589 92.940708 76.933643 63.091284 54.210790 45.248830 38.345417 34.756966 31.070484 28.892039 
32.430289 33.317954 34.352159 38.345417 43.025803 50.795635 59.978113 72.000729 87.897479 106.782534 130.874101 160.472142 194.970721 237.922522 289.510610 350.255217 422.958693 509.992165 612.325072 733.491299 818.603472 975.407751 1071.378597 1209.979714 1433.721791 1601.691693 1892.470947 2195.628053 2543.373750 2972.564694 3482.967138 4047.550141 4683.106502 5444.465107 6310.811477 7249.792925 8352.084295 9587.077347 10952.162878 12457.518007 11694.444663 12532.645031 13596.861138 14291.672575 15678.971736 16849.900363 18514.739947 20131.840505 21557.164084 23368.241098 24955.081852 26792.948713 28630.093741 30334.633858 32095.341351 33788.548834 35180.533695 36357.416477 37654.169007 38805.235327 39771.150023 40496.396982 41023.512135 41360.356782 41468.192044 41360.356766 41026.413612 40496.396982 39771.150031 38805.242824 37653.428647 36373.327414 35180.533701 33725.180483 32095.341351 30334.633858 28630.104446 26792.984170 24955.082171 23368.241646 21557.164094 20131.840305 18514.739949 16849.900422 15838.598521 14291.672575 13596.861138 12532.644746 11694.445087 12457.518007 10952.164972 9587.077347 8352.084487 7249.792925 6310.811477 5444.365446 4683.106502 4069.834422 3482.967138 2972.564694 2543.373750 2195.628079 1892.470947 1601.691711 1433.721791 1209.979714 1071.378363 975.407751 818.603472 733.491299 612.876933 509.992165 422.958693 350.255217 289.510610 237.922522 194.970721 160.472142 130.874101 106.782534 87.897478 72.000729 59.978113 50.796834 43.025803 38.345417 34.352159 33.317954 
35.777475 36.794411 40.536271 45.248830 50.795635 59.972755 70.831555 85.901578 104.072131 126.384328 154.890732 188.940763 230.281541 281.681450 342.607125 414.449458 501.016400 563.803254 677.102690 811.502414 969.548497 1154.798490 1270.390767 1435.704926 1700.204986 1954.230709 2212.459760 2609.864638 3070.864564 3538.949901 4145.369179 4845.518896 5641.461882 6518.914820 7547.169160 8701.024829 9977.113419 11440.062883 13045.445182 14850.994873 14005.544664 14605.251267 16318.466844 17866.594977 18187.688365 20152.129348 21797.986772 23784.347133 25904.121137 28710.479147 30971.784175 33254.081689 35465.338878 37495.902211 39675.069074 41784.468899 43635.343432 45256.242912 46859.984214 48280.915765 49271.090045 50235.364490 39528.520450 39815.466825 39940.911047 39815.454752 39531.410431 50235.396055 49271.685298 48280.915766 46859.984214 45246.136506 43635.200189 41784.468878 39675.069311 37495.987925 35525.320727 33254.448022 30971.784147 28710.479448 25904.123965 23784.347134 21668.311184 20152.164663 18187.688369 17866.261471 16325.448494 14604.114054 14004.153200 14850.994872 13045.445182 11440.063135 9977.113639 8682.060637 7547.169160 6518.914820 5641.580180 4845.518896 4145.639386 3538.946967 3070.872747 2609.864638 2212.444740 1954.230709 1699.973661 1435.704926 1270.390905 1154.798490 969.548497 811.502401 677.102679 563.872641 501.016400 414.449556 342.607125 281.681041 230.281381 188.940763 154.890732 126.384327 104.072131 85.901578 70.831555 59.972755 50.796834 45.248830 40.536272 36.794411 
42.928884 44.153525 47.570209 54.210790 59.978113 70.831555 84.287348 102.259738 124.270770 151.448907 185.522541 226.656192 277.054157 338.275730 409.990950 497.658113 563.811915 679.462628 814.999455 976.408407 1149.659486 1302.808407 1468.354941 1686.701664 1961.502621 2322.297030 2712.847326 3142.057201 3676.208188 4315.159981 5062.171555 5850.061841 6798.446491 7896.667781 9114.533124 10513.849391 12073.712220 13847.278993 14810.622251 16893.426995 15352.546805 16844.138320 18585.798040 20777.450051 21907.474959 23865.125018 26407.135681 28994.280636 31351.436149 34174.796593 36768.709610 40489.915826 43413.388182 46268.212920 48978.253878 52673.425727 42625.975732 43978.092847 45477.339579 46801.228873 47917.896729 37720.448837 38191.996314 38464.858741 38585.943202 38467.171945 38191.996307 37720.448833 47917.825840 46801.228873 45477.339587 43978.102804 42581.849161 52673.425710 48978.305845 46268.212920 43413.388288 40489.915816 36765.354424 34174.796592 31351.435937 28990.092926 26407.196418 23865.125114 21907.474965 20777.450051 18585.798040 16844.138396 15351.245977 16893.426995 14810.569897 13847.278993 12073.712220 10513.854275 9114.533122 7896.667781 6798.446491 5850.061841 5062.169234 4315.159896 3676.208212 3142.057201 2712.847326 2322.297030 1961.502836 1686.701664 1468.354941 1302.808407 1149.659480 976.408407 814.999457 679.462628 563.811915 497.658113 409.990950 338.275731 277.054157 226.656192 185.522541 151.448907 124.270770 102.259738 84.287348 70.831555 59.978113 54.210790 47.570209 44.153525 
51.971413 52.294311 56.292162 63.091284 72.000729 85.901578 102.259738 124.033720 150.726068 184.433643 225.243791 275.046836 336.024030 409.181833 467.936011 566.916639 685.010286 808.135957 925.568348 1110.903910 1330.098066 1586.140507 1776.235459 2046.021917 2383.864017 2823.830547 3301.506793 3869.018011 4498.306237 5262.956319 6158.051384 7174.773141 8311.819960 9641.144591 11154.870831 11810.981651 13650.249119 15685.609646 17986.237939 19529.400557 17937.385638 19482.184868 21769.867408 24307.538768 26284.274560 29314.198498 32077.370622 35313.482847 38782.125124 41936.799799 45601.845625 49289.852999 53030.194628 44203.439747 46917.494320 49122.498947 40367.818922 41962.455236 44370.099521 45361.889670 35971.420452 36541.930336 36956.312037 37242.400920 37282.699206 37242.400928 36956.302502 36541.937815 35971.405567 45595.109573 44370.161130 41962.455236 40367.820901 49122.618056 46901.291515 44203.439747 53030.194620 49289.852799 45601.845631 41933.922144 38782.125132 35314.730606 32077.370614 29314.192841 26303.740353 24307.538766 21769.867408 19482.184869 17937.385819 19529.170175 17975.284498 15685.609646 13649.054666 11810.981651 11154.870480 9641.144994 8311.819960 7174.773141 6158.051397 5263.288603 4498.306237 3868.986444 3301.506793 2823.715630 2383.863700 2046.021907 1776.235465 1586.140507 1330.098066 1110.903910 925.568348 808.135957 685.010259 566.916639 467.936454 409.181833 336.024030 275.046836 225.243791 184.433642 150.726068 124.033720 102.259738 85.901578 72.000729 63.091284 56.292162 52.294311 
61.137102 63.835455 68.640821 76.933643 87.897479 104.072131 124.270770 150.726068 183.509902 224.464716 274.472739 335.726098 409.379083 471.197469 572.475685 675.011292 817.469212 942.118961 1134.549975 1343.086402 1610.135038 1922.289054 2136.708482 2489.275765 2918.767868 3413.739282 4034.917204 4738.508774 5569.492410 6515.935352 7567.143860 8822.806849 10256.659163 10758.810095 12456.583028 14445.439663 15619.869940 18073.194851 20687.847670 23663.653907 21736.694938 23235.890180 26109.561711 29396.838731 32795.879973 35687.580759 39629.229506 43832.578602 47772.582399 52302.287705 56916.361410 47134.143270 50697.215270 41561.316096 44375.544047 46902.148296 49976.954719 39835.957920 41258.087065 43350.057896 35655.632853 36192.598642 36579.634762 36842.658049 36920.682617 36843.112835 36579.283681 36193.014033 35655.625128 33880.994580 41258.165022 39835.957911 49995.959290 46902.124640 44602.381494 41561.316118 50697.215278 47134.143669 56918.533360 52304.041510 47772.582470 43832.578604 39678.634300 35687.580638 32005.081353 29267.488111 26109.701739 23052.083856 21736.695330 23673.008124 20686.096232 18073.194964 15627.890724 14445.439663 12456.583865 10759.507444 10244.842991 8822.806851 7567.143811 6502.444159 5558.808520 4738.411578 4035.007831 3413.739282 2918.791223 2489.275765 2136.785396 1921.978764 1610.135038 1343.086402 1134.549975 942.118949 817.469442 674.701719 572.453414 471.197469 409.379083 335.726539 274.472421 224.464719 183.509902 150.726068 124.270770 104.072131 87.897478 76.933643 68.638055 63.835458 
74.843716 77.043444 83.133113 92.940708 106.782534 126.384328 151.448907 184.433643 224.464716 274.532765 335.580095 410.337143 475.430752 558.421648 680.549017 791.642200 958.896595 1137.058272 1371.918320 1594.887811 1912.020462 2264.369753 2617.005491 3055.529101 3587.407066 4221.431476 4968.906396 5835.827030 6856.651677 8020.089148 9354.943225 9693.561724 11300.696300 13181.832632 14160.220136 16437.701136 19056.811662 20970.515094 24205.826765 27792.898884 25536.102849 29029.149776 31536.611882 35532.730132 39941.064617 44636.716516 48900.410841 54160.218175 59619.808206 49990.838591 54370.842689 45217.594627 48643.090377 39722.852536 41691.403759 44536.195419 46738.971852 38441.779494 39853.034310 41147.278922 33925.485039 35486.418865 37032.417990 37235.069220 37306.070853 37235.078798 37032.417984 35487.957436 33926.646564 41147.278934 39850.475155 38441.749871 46738.971863 44536.195424 41798.800104 39722.852499 48667.444988 45217.594781 54370.842728 49952.348124 59619.808213 54160.218182 48900.410845 44636.716510 39942.251189 35532.730086 31536.611882 29029.149990 25857.286060 27792.898851 24205.826758 20970.515094 19056.853072 16437.701135 14160.220136 13181.832632 11300.696300 9693.523496 9354.943235 8020.089148 6856.651824 5835.827030 4985.960960 4221.431476 3587.407066 3055.529100 2617.005250 2264.369755 1912.020462 1594.887811 1371.917618 1137.058272 958.896595 791.642200 680.549017 558.421648 475.658463 410.337143 335.580095 274.532765 224.464719 184.433642 151.448907 126.384327 106.782534 92.940708 83.132838 77.043444 
91.771874 94.404785 100.655236 113.057589 130.874101 154.890732 185.522541 225.243791 274.472739 335.580095 410.270044 478.710493 561.062388 685.402861 802.385133 951.311945 1155.153559 1397.948633 1613.436597 1943.904960 2332.730878 2789.759847 3231.847072 3729.974518 4398.941620 5189.459610 6115.799775 7202.123720 8432.523584 9864.433508 10185.299045 11922.966878 12702.134165 14870.006610 16210.538797 18981.208555 22135.783865 25698.525746 28363.536198 32617.930581 30763.583478 34735.629184 38557.666935 43628.905105 49017.658349 54850.389330 61090.737172 67684.607564 57561.573740 47857.741604 40842.062665 43143.466812 46447.136850 38505.958488 40455.997323 42719.142299 35541.354939 36699.921516 38630.797360 40525.281571 33932.303910 43328.545888 36017.599902 39355.965944 39420.963637 39355.979051 36017.604118 43328.546116 33932.303910 40525.282517 38630.797278 36699.919341 35541.422543 42719.144186 40455.997323 38505.958695 46447.148534 43143.467217 40842.062743 47857.739718 57561.573767 67684.610280 61092.065686 54850.383557 49017.658349 43628.905105 38557.666935 34736.050600 30763.584243 32617.930476 28363.536198 25698.525854 22134.443356 18981.208320 16210.538797 14870.006610 12702.134202 11922.966878 10184.915631 9864.433502 8432.523584 7202.123724 6115.744168 5189.459599 4398.941624 3729.974518 3231.847072 2789.759847 2332.730878 1943.856187 1613.436597 1397.948633 1155.153531 951.311945 802.385133 685.402861 561.062388 478.710493 410.270044 335.580095 274.472421 225.243791 185.522541 154.890732 130.874101 113.057589 100.655236 94.404785 
110.585613 114.502431 123.386014 138.488065 160.472142 188.940763 226.656192 275.046836 335.726098 410.337143 478.710493 561.970225 687.803233 810.298594 960.584393 1169.785744 1379.886076 1644.663661 1987.133339 2392.630375 2790.492653 3340.827661 3985.514203 4609.373388 5436.875058 6393.778733 7534.552105 8860.280987 9041.494879 10654.950977 12499.505785 13235.761115 15523.390933 16930.518474 19890.470045 22045.352637 25795.735331 30045.564969 34772.977120 39054.867120 37396.101676 41642.937740 47429.982856 53604.999989 60389.969067 67691.532634 58235.940094 64579.199873 54849.819931 46436.284146 39667.100022 42910.466863 45784.993876 38276.957776 33121.614287 34863.439956 36641.514928 38334.918025 39944.741186 41400.439874 42705.359557 43553.822840 45397.829811 46093.751717 47666.758395 46094.373125 45397.330762 43553.824687 42705.377725 41401.702446 39944.740114 38334.918024 36641.515028 34863.438592 33121.614269 38434.221289 46168.766653 42910.700106 39667.161317 46436.284235 54849.822945 64579.431764 58235.940108 67692.431924 60389.969062 53651.738671 47429.982874 41776.784184 37398.775442 39054.872808 34773.017613 30045.564977 25795.735330 22045.352637 19890.498576 16932.857074 15523.390933 13235.761264 12506.216146 10654.965247 9041.494937 8860.280987 7534.552098 6393.778733 5436.875058 4609.612821 3985.514203 3340.828327 2790.492653 2392.763863 1987.133380 1644.663661 1379.886076 1169.785742 960.584393 810.298811 687.803233 561.970225 478.710493 410.337143 335.726539 275.046836 226.656192 188.940763 160.472142 138.488065 123.386014 114.502431 
135.324866 139.269772 150.963363 169.382940 194.970721 230.281541 277.054157 336.024030 409.379083 475.430752 561.062388 687.803233 788.070450 965.277367 1178.866381 1398.349152 1668.592124 2022.391451 2442.699903 2859.464124 3434.177209 4110.306161 4901.685778 5636.300521 6665.316697 7871.433174 9277.637289 9431.375191 11100.873259 11628.721926 13758.015465 16185.670023 17590.226711 20733.090631 22987.002068 26996.431001 31569.758914 35369.158437 40990.524121 47272.355046 46043.559892 51180.825009 58349.549884 66173.619873 74634.705677 64665.624162 55685.261374 61703.399845 52656.311416 45382.124232 49385.768094 43142.500298 37801.175378 40060.432898 35832.057931 37815.362229 39463.565504 41328.261806 43081.645789 44707.597036 46179.627980 47486.753738 48918.947899 47193.464343 45743.891962 47194.633323 48918.960549 47486.753019 46179.626649 44707.601468 43081.638836 41328.261809 39463.651768 37815.361047 35901.579706 40060.408765 37801.922524 42830.035345 49385.737573 45383.223318 52656.311674 61703.398375 55685.261467 64696.960844 74634.705678 66173.619948 58349.841465 51181.349502 46040.926416 47272.352446 40990.524123 35670.349558 31572.098288 26996.431358 22987.002068 20733.090631 17590.226710 16185.670023 13758.015465 11628.721844 11100.873595 9431.444464 9277.637282 7871.433179 6665.316697 5661.253653 4901.685778 4110.306162 3434.177209 2859.464124 2442.699913 2022.391632 1668.592125 1398.349153 1178.866381 965.277367 788.070450 687.803233 561.062388 475.658463 409.379083 336.024030 277.054157 230.281381 194.970721 169.382940 150.963363 139.269772 
165.314154 170.047915 182.512828 205.558317 237.922522 281.681450 338.275730 409.181833 471.197469 558.421648 685.402861 810.298594 965.277367 1181.900844 1379.752181 1683.399995 2046.787480 2436.856445 2913.493452 3510.879191 4215.943058 4958.790135 5917.737217 7037.542887 8196.075357 9676.152606 9762.638074 11546.357253 12054.933160 14263.723037 15346.761352 18207.982331 21436.020044 23830.220958 28091.654763 31603.048355 37053.148944 43237.214966 50138.762328 56784.458915 55896.302327 63820.697270 71962.091337 81587.638322 71358.840059 61971.403224 53864.416139 59709.529453 51864.675884 46018.628780 50064.527368 45038.720120 40827.493638 43150.269226 40569.821797 42893.663449 45158.966086 47324.443949 49370.673984 51271.479764 53007.493132 54556.506065 51088.678163 50925.988525 51396.429966 50925.927303 51088.890027 54556.797936 53007.488324 51271.479922 49370.673990 47324.443553 45158.998113 42893.694899 40569.821793 43231.652427 40829.010809 45038.702270 50064.527120 46018.630089 51864.679836 59709.529460 53864.416229 61988.177201 71358.840058 81587.638320 71962.091594 63819.950349 55931.966148 56784.458914 50138.981495 43238.550798 37053.148954 31603.048355 28091.654402 23830.220958 21436.021712 18208.475012 15346.761352 14263.741259 12054.933160 11548.939728 9762.638074 9676.152606 8196.075362 7037.542887 5917.737217 4958.832902 4215.943058 3510.879191 2913.493452 2436.856445 2046.759546 1683.399995 1379.787317 1181.900844 965.277367 810.298811 685.402861 558.421648 471.197469 409.181833 338.275731 281.681041 237.922522 205.558317 182.512828 170.047948 
201.368718 206.210888 222.263392 249.446576 289.510610 342.607125 409.990950 467.936011 572.475685 680.549017 802.385133 960.584393 1178.866381 1379.752181 1688.394572 2059.250835 2432.208596 2950.894185 3567.337177 4297.163141 5072.454506 6072.526734 7221.765355 8588.765622 10007.202692 10091.431914 11953.859464 12421.843407 14746.415621 15815.456977 18783.726634 20722.466203 24603.894779 29091.533248 32753.627280 37541.216221 44095.669231 51121.042702 59870.397500 65215.447837 70487.282646 79621.455791 88986.294588 78260.049208 68696.651402 60408.193873 53544.998907 59161.962329 44538.063064 48643.828388 53302.777709 56668.191619 60240.913882 49438.416579 48429.859837 51229.296746 53892.173675 56492.238403 58948.966482 61239.467278 63335.867709 59815.602203 60314.987077 60727.702073 60667.651057 60727.507090 60316.912152 59815.601471 63335.859129 61239.467258 58948.966497 56492.234432 53892.181496 51168.538899 48429.859564 49438.417149 60426.016582 56327.344444 53302.776973 48643.828771 44538.071797 59161.962350 53545.000008 60408.193735 68690.637528 78260.049227 88986.294587 79621.455786 70037.656167 68560.907219 59870.444233 51121.042703 44095.669598 37541.216221 32753.627278 29091.437817 24603.894793 20722.466203 18783.726628 15813.570972 14746.415621 12421.843407 11958.656967 10091.431915 10007.202692 8588.740535 7221.765356 6072.526734 5072.454506 4297.163141 3567.322469 2950.894185 2432.208596 2059.250835 1688.394572 1379.787317 1178.866381 960.584393 802.385133 680.549017 572.453414 467.936454 409.990950 342.607125 289.510610 249.446576 222.263392 206.210888 
242.831494 250.469406 269.906980 302.807213 350.255217 414.449458 497.658113 566.916639 675.011292 791.642200 951.311945 1169.785744 1398.349152 1683.399995 2059.250835 2439.985836 2969.924453 3602.023731 4277.662990 5156.416759 6193.342741 7412.083589 8812.286560 10390.053931 12316.261703 12305.106710 12733.456868 15147.001756 16218.247386 19296.155608 21256.518472 25304.064016 28484.651319 33789.126932 39903.904704 44868.220302 52421.365975 61327.093364 71306.998437 78766.581802 85151.497988 97249.780804 109713.697626 76524.190249 68177.178316 60874.942722 55729.594244 52026.047884 49650.185567 54549.978026 58591.312514 63320.748211 60110.160535 64089.144140 68119.343198 72075.920064 70221.800154 70033.628254 73085.588928 74271.214566 72730.458833 73513.178273 74328.092843 75100.997235 72811.040072 75321.947095 74720.796107 73513.166281 72329.379809 74271.214162 73085.586591 70033.641254 66646.402170 66824.770479 68124.824017 64089.144117 66858.785848 63322.494629 58591.213033 54549.920126 49650.209725 45585.705221 55729.589713 60874.937538 67656.558693 76524.190217 110494.321385 97249.780913 85149.267124 78766.571330 71302.768299 61327.093409 52421.366759 44868.220302 38529.913738 33780.864353 28497.860046 25304.064016 21256.489814 19296.152309 16218.247386 15147.001757 12733.456868 12305.106710 12316.261724 10390.053931 8812.286656 7335.615164 6193.342689 5156.416759 4277.662990 3602.023731 2969.924453 2439.985836 2059.250835 1683.399995 1398.349153 1169.785742 951.311945 791.642200 674.701719 566.916639 497.658113 414.449556 350.255217 302.807213 269.906980 250.469406 
294.093393 302.445796 326.685621 365.550869 422.958693 501.016400 563.811915 685.010286 817.469212 958.896595 1155.153559 1379.886076 1668.592124 2046.787480 2432.208596 2969.924453 3613.729034 4306.016746 5207.528076 6274.968698 7487.617370 8927.713730 10649.315694 12636.133608 12747.100435 14978.083753 15513.582922 16540.121398 19727.887068 21691.060810 25889.411666 29148.406780 34681.758478 40897.193356 46869.138534 54206.148711 62955.741110 73131.751339 85715.374294 94737.994685 104147.978122 118440.442045 106158.480204 75324.718939 68418.589508 63522.979073 70640.828102 53732.471125 58738.918801 64563.430674 68743.323885 72989.729549 72829.697967 77626.180371 78673.727978 83214.484304 87616.906270 91812.283165 94055.472246 90340.443928 91736.540757 93349.289935 94726.906502 95514.125839 95640.330385 95513.437658 94728.698537 93349.289655 91741.320931 90340.651222 94055.593125 90336.406634 87616.937325 83214.473428 78673.723139 77626.143469 72760.984153 72999.711218 68744.507409 64563.430767 58738.970171 53732.475180 60425.640374 63521.557631 68418.607314 75324.718270 106184.047876 118275.769174 103603.775774 94737.994677 85715.114505 73133.225607 62955.743032 53536.470594 46869.417834 40897.193813 34681.758454 29148.406778 25887.010572 21690.000163 19728.125010 16540.121398 15513.679346 14978.083752 12731.278116 12636.133570 10649.315694 8927.713738 7487.611925 6274.959080 5207.543408 4306.016746 3613.729034 2969.924453 2432.208596 2046.759546 1668.592125 1379.886076 1155.153531 958.896595 817.469442 685.010259 563.811915 501.016400 422.958693 365.550869 326.685617 302.445796 
354.965699 365.008657 393.207166 440.932213 509.992165 563.803254 679.462628 808.135957 942.118961 1137.058272 1397.948633 1644.663661 2022.391451 2436.856445 2950.894185 3602.023731 4306.016746 5224.798386 6284.352781 7574.298344 9045.843875 10825.004158 12861.422779 13015.662868 15410.632446 15925.142583 18843.882350 20096.556376 22101.660846 26381.960554 29692.910567 34140.724336 40707.197711 48110.755052 56574.271993 66958.351049 75853.974172 87471.121671 102494.274737 114622.170211 126032.997538 114246.249397 102984.457616 76796.287948 62495.554723 69425.743863 77391.194795 69288.522585 72521.574949 78095.837217 83026.904814 84916.763863 88413.569322 94315.763188 100169.333162 105906.169286 109140.966924 111204.225816 112885.155111 115452.363404 118006.889672 120206.545683 121798.674786 122721.373405 123058.696585 122721.397776 121798.680708 120206.542442 118068.673898 115452.366540 112883.062667 112565.014677 109141.039751 105906.144860 100169.332785 94315.811048 90922.789008 84916.764420 83026.943238 78095.841860 72522.986761 69288.531388 77391.194763 69425.685087 72453.947898 76796.372259 102984.457692 114246.251131 126033.819203 114622.173609 102494.280166 87471.121836 75858.394320 66958.354531 56574.270796 48110.756190 40707.197708 35429.562056 29692.917980 26381.960654 22101.664096 20096.556376 18843.882350 15925.142583 15410.641646 13015.662853 12861.422787 10825.004158 9045.843979 7574.298344 6316.289469 5224.798386 4306.016746 3602.023731 2950.894185 2436.856445 2022.391632 1644.663661 1397.948633 1137.058272 942.118949 808.135957 679.462628 563.872641 509.992165 440.932213 393.207166 365.008657 
426.969731 438.279378 472.160912 530.065662 612.325072 677.102690 814.999455 925.568348 1134.549975 1371.918320 1613.436597 1987.133339 2442.699903 2913.493452 3567.337177 4277.662990 5207.528076 6284.352781 7556.929966 9105.429442 10902.059638 13003.161494 15505.848961 15718.885379 16191.334127 19334.431194 20433.957437 24405.448552 26799.945444 30146.941924 35931.969461 41284.351500 47997.908101 56780.283308 67185.134523 79536.092774 91765.725210 106548.623235 123837.536732 138419.460444 154102.524781 112109.952241 103325.796697 81982.510391 72216.153018 80093.928515 81791.853607 89452.200507 99018.415173 101197.285219 103251.865910 108111.385226 113641.119123 121207.325340 128700.186340 134210.602867 138037.325279 141996.489387 145724.866916 149590.011568 153239.687332 155997.613631 158029.722623 159299.204207 159735.324136 159299.219619 158019.752847 155999.020074 153239.024588 149661.624296 145484.054790 141996.493012 139415.285971 134209.957291 128700.182295 121207.381815 115787.251161 108111.607370 103251.953026 96472.764146 99018.431866 90006.275333 88490.442047 80352.607899 72220.179794 81829.006979 103325.815341 112110.288147 153579.397148 138419.097171 120154.827945 106548.623646 92280.226289 79536.092739 67184.990904 56780.529764 47998.438193 41274.679292 36059.144858 30146.942113 26799.945451 24400.958094 20457.592864 19284.027197 16191.356095 15718.880509 15505.843886 13003.184901 10902.059638 9105.429442 7556.929966 6316.289469 5207.543408 4277.662990 3567.322469 2913.493452 2442.699913 1987.133380 1613.436597 1371.917618 1134.549975 925.568348 814.999457 677.102679 612.876933 530.065653 472.160912 438.279378 
511.834561 525.435465 565.943385 634.378589 733.491299 811.502414 976.408407 1110.903910 1343.086402 1594.887811 1943.904960 2392.630375 2859.464124 3510.879191 4297.163141 5156.416759 6274.968698 7574.298344 9105.429442 10901.582975 13126.586873 15656.643859 18603.001539 18833.676781 19560.851631 20771.787252 24848.045843 27149.007533 32476.644039 36547.566541 43524.832063 48554.426878 58109.017090 67389.241800 79749.386893 94423.626901 110190.549472 128614.425366 148722.622317 166861.086433 186257.677275 113466.226722 107163.460892 91762.796434 86592.158849 96140.696678 105582.981524 110581.045846 116939.857227 124518.197713 131216.677950 138799.950778 148606.798069 156594.133674 166209.737285 171009.454167 178083.659235 183148.480691 189059.135625 193647.777304 198378.261429 201847.496195 204399.676971 206020.261153 205841.830276 205274.760347 204434.696752 201847.987043 198335.720119 193648.244828 189059.032818 183147.824604 178089.874948 170998.663860 164831.669340 156594.267026 148606.799945 138800.333435 131216.775767 125157.396680 116939.879723 110581.086168 105582.984119 96140.646174 86248.582795 83537.092893 107220.177585 113466.226978 186257.396107 166861.074033 147880.811593 128614.422552 110190.549340 94423.742494 79749.386882 67708.257650 57197.772400 48554.426932 43524.822585 36547.566408 32476.678722 27145.102786 24848.045839 20771.787235 19560.851631 18833.676781 18638.255530 15632.492922 13126.586754 10901.582975 9105.429442 7574.298344 6274.959080 5156.416759 4297.163141 3510.879191 2859.464124 2392.763863 1943.856187 1594.887811 1343.086402 1110.903910 976.408407 811.502401 733.491299 634.378589 565.943385 525.435471 
610.037584 627.780889 676.058327 757.500518 818.603472 969.548497 1149.659486 1330.098066 1610.135038 1912.020462 2332.730878 2790.492653 3434.177209 4215.943058 5072.454506 6193.342741 7487.617370 9045.843875 10902.059638 13126.586873 15788.263949 18754.276126 18984.549080 22660.835103 23569.459471 25082.838901 27466.340243 32826.610707 36897.987431 42423.937088 50480.204149 60203.802998 70157.184732 81401.934348 95410.492242 112867.719040 131765.581212 152353.204382 177850.860194 200058.377107 181709.903284 118796.533048 103895.584988 106614.577136 111279.717871 118146.507678 125550.952687 136410.374518 148031.767134 155785.400103 168026.449228 180693.041236 191401.023689 202592.442356 211952.177426 219548.916216 228815.146111 237897.710949 246133.615578 253608.133218 258963.245488 264184.892388 266893.970948 269020.608158 269714.207943 269021.490879 266928.155046 264184.943938 259776.142350 253608.573242 246176.159754 237897.155600 228817.460088 219547.748556 212027.231369 202592.738674 191401.122112 180693.828259 168026.594399 155784.751491 146829.618058 136411.704618 126190.798972 118144.074314 111279.717177 106614.573223 103895.584812 118704.611117 181713.002556 200058.335524 177850.861068 152353.311941 131142.637895 112867.606591 95409.692048 81401.934339 70157.184263 60203.802932 50480.204261 42423.901358 36897.987489 32826.584574 27424.745632 25082.835674 23569.459470 22660.835103 18984.549080 18754.276125 15788.263600 13126.586754 10902.059638 9045.843979 7487.611925 6193.342689 5072.454506 4215.943058 3434.177209 2790.492653 2332.730878 1912.020462 1610.135038 1330.098066 1149.659480 969.548497 818.603472 757.500518 676.058327 627.780889 
726.545112 746.881582 804.903703 901.097617 975.407751 1154.798490 1302.808407 1586.140507 1922.289054 2264.369753 2789.759847 3340.827661 4110.306161 4958.790135 6072.526734 7412.083589 8927.713730 10825.004158 13003.161494 15656.643859 18754.276126 22452.120659 22814.508600 23647.092824 28237.679857 30205.616145 33109.021363 37182.280662 44543.150774 51099.399793 59345.218779 70624.321688 84251.904917 98068.240280 114398.526197 135142.245805 156942.626335 182548.940884 208318.887216 240584.124700 181656.862931 129864.017290 122164.215904 128118.663433 143066.545901 145005.393862 160280.376224 173422.176529 186034.229511 199447.446445 215587.107918 231805.915028 245652.451009 258217.838172 270803.174725 283753.125560 296580.076985 308658.656938 319683.461718 329316.405306 336773.099517 343143.232912 347171.708475 349842.835688 350794.979121 349842.518190 347172.507149 343144.104656 336771.754771 329316.520738 319682.859242 308658.711935 296580.138567 283753.095754 271115.193292 261128.518634 245650.536112 231807.519298 215587.414443 199447.386517 186559.519327 173422.145270 160281.256577 151549.016137 143066.545704 135742.558295 122164.214290 117573.324158 182216.251572 240589.268656 208318.963746 183011.897887 157645.952734 135142.245762 114398.526139 99443.150566 84252.062703 70624.321396 59154.171680 51109.654755 42584.797641 37198.363717 33109.055521 30205.616173 28237.681796 23670.434957 22814.508599 22452.144322 18754.276125 15632.492922 13003.184901 10825.004158 8927.713738 7335.615164 6072.526734 4958.832902 4110.306162 3340.828327 2789.759847 2264.369755 1921.978764 1586.140507 1302.808407 1154.798490 975.407751 901.097708 804.309205 746.881582 
862.437321 886.095264 867.086668 966.831949 1071.378597 1270.390767 1468.354941 1776.235459 2136.708482 2617.005491 3231.847072 3985.514203 4901.685778 5917.737217 7221.765355 8812.286560 10649.315694 12861.422779 15505.848961 18603.001539 18984.549080 22814.508600 23927.451837 25653.993285 28166.921385 33797.020232 37975.839222 43372.911328 52002.407770 59913.424994 70071.254343 83676.997226 99782.370202 117456.810276 138551.986116 160748.026348 188168.684285 218356.576585 251683.135381 286209.391882 187397.757711 137951.887271 147205.341490 163974.123236 175735.698988 189629.921038 204062.075709 220244.752854 237685.915071 255306.506992 275695.703173 296486.723032 315315.801878 331361.710072 348922.389066 366473.007869 383479.845536 399221.447892 412901.266710 425882.839417 425547.674002 443317.906262 438167.531293 442447.746767 429920.443258 429029.177590 438873.761219 443317.687219 435162.068367 425883.957992 413440.136656 399221.036216 383481.096581 366472.580858 348922.318279 331360.178757 316671.545985 296484.390088 275696.068014 255309.497730 238090.862646 220244.717333 204062.085856 189629.918883 175735.737885 164004.121144 147205.330282 147952.393864 187895.969549 286212.452719 251685.162539 218356.690232 188168.835970 160747.934338 138551.986113 117456.825419 99782.369464 83676.997055 71290.541825 59916.363304 52002.413777 43372.769664 37975.739080 33797.096132 28166.921384 25653.993285 23927.451836 22814.508599 18984.549080 18638.255530 15505.843886 12861.422787 10649.315694 8812.286656 7221.765356 5917.737217 4901.685778 3985.514203 3231.847072 2617.005250 2136.785396 1776.235465 1468.354941 1270.390905 1071.378363 966.831937 867.086668 886.095264 
875.007898 901.320388 1027.586536 1146.069899 1209.979714 1435.704926 1686.701664 2046.021917 2489.275765 3055.529101 3729.974518 4609.373388 5636.300521 7037.542887 8588.765622 10390.053931 12636.133608 13015.662868 15718.885379 18833.676781 22660.835103 23647.092824 25653.993285 28331.402059 31928.238578 36550.464019 42447.931107 50908.656929 59721.441652 71686.666091 84839.176196 100200.782375 118190.551501 139572.990370 163790.144468 191155.339960 222926.506281 259504.266266 297631.286804 335758.305461 180854.863698 174871.012611 186594.546904 197659.938248 215219.613940 234372.903132 256610.216472 274778.332426 298088.629941 325139.679026 351444.701277 375004.756962 395944.165072 409838.981016 420450.433805 426487.177197 444775.513314 464762.272262 481208.616327 473056.075499 420578.474675 401735.290438 379739.357352 382131.527188 345856.949268 382131.776384 379742.592571 401734.980938 420580.673099 455457.177588 481209.995194 464761.814006 444781.196461 426485.532656 421374.840492 409821.341056 395564.917651 374986.093131 351411.998021 325135.854299 298087.808495 274778.244831 256610.232018 234372.899797 214037.461893 197659.931458 186594.573226 174587.551761 200778.846437 335763.743230 297629.285322 259504.266875 222926.503012 191155.339871 163790.144376 139572.990366 118190.551504 100472.293527 84839.175832 71663.341637 59721.430391 50908.651336 43930.743950 36550.463749 31928.237936 28331.402059 25653.993285 23670.434957 22660.835103 18833.676781 15718.880509 13015.662853 12636.133570 10390.053931 8588.740535 7037.542887 5661.253653 4609.612821 3729.974518 3055.529100 2489.275765 2046.021907 1686.701664 1435.704926 1209.979714 1146.069899 1027.405567 901.320419 
1036.674931 1007.767946 1085.730607 1272.342098 1433.721791 1700.204986 1961.502621 2383.864017 2918.767868 3587.407066 4398.941620 5436.875058 6665.316697 8196.075357 10007.202692 12316.261703 12747.100435 15410.632446 16191.334127 19560.851631 23569.459471 28237.679857 28166.921385 31928.238578 36735.446032 42686.301852 50153.053870 59191.191810 70938.943971 84071.948350 100002.426983 118851.179494 141045.687848 166683.514197 193770.989054 225727.304351 263737.402360 305312.990497 347329.511223 393494.779292 203695.622413 203468.906806 215689.289413 231247.529326 255647.295552 283124.958266 309923.553025 336859.210474 364672.775077 389275.135611 419110.016285 445735.593125 468718.297299 489040.151456 507526.102570 481583.013732 384909.336608 305549.534463 317083.144000 295515.770843 323392.656547 320269.011710 341261.042529 342412.234378 347558.122281 346323.679588 340990.609168 320270.172808 312510.949747 298946.653475 316502.306503 305549.402707 346923.055500 481580.264726 507290.610091 488610.355693 468351.616839 445509.730309 419562.514439 389280.460200 364672.777550 333208.235209 309923.122126 282262.546600 255647.291943 231247.522915 222118.383729 203543.900058 203693.024237 393504.776533 347414.919901 306217.924486 263737.414268 225727.304614 194360.098762 166683.514043 141045.663268 118851.179332 100002.426906 84087.238165 70938.982389 59082.842915 50168.256238 42686.301850 36735.445834 31928.237936 28166.921384 28237.681796 23569.459470 19560.851631 16191.356095 15410.641646 12731.278116 12316.261724 10007.202692 8196.075362 6665.316697 5436.875058 4398.941624 3587.407066 2918.791223 2383.863700 1961.502836 1699.973661 1433.721791 1272.342098 1085.730607 1007.767946 
