41.534352 42.553940 42.489718 46.925949 53.483998 59.635609 70.873949 85.100155 100.643113 122.287472 148.843149 179.264602 217.811955 264.162467 319.479440 383.637088 461.209135 552.588810 659.814562 784.463126 929.920493 924.175746 1093.201473 1148.950439 1356.793985 1490.101957 1756.497896 1987.323104 2337.057534 2742.651913 3150.992759 3684.581455 4297.397170 4976.459488 5750.846632 6653.498074 7673.008072 8818.712527 10099.386017 11491.126877 10775.453428 10562.452099 10762.136834 11276.955568 12485.161047 13265.712671 14560.151087 15743.967869 16942.740300 18354.860177 19795.768700 20985.022684 22418.022881 23830.105748 25044.932203 26367.594367 27622.211093 28790.938861 29856.734033 30423.163181 31154.449219 31746.247415 32180.855455 32434.856044 32522.977022 32434.856044 32180.855455 31746.247415 31154.449219 30423.163181 29856.734033 28790.938861 27622.211093 26367.594367 25044.932203 23830.105748 22418.022881 20985.022684 19795.768700 18354.860177 16942.740300 15743.967869 14560.151087 13265.712671 12485.161047 11276.955568 10762.136834 10562.452099 10775.453428 11491.126877 10099.386017 8818.712527 7673.008072 6653.498074 5750.846632 4976.459488 4297.397170 3684.581455 3150.992759 2742.651913 2337.057534 1987.323104 1756.497896 1490.101957 1356.793985 1148.950439 1093.201473 924.175746 929.920493 784.463126 659.814562 552.588810 461.209135 383.637088 319.479440 264.162467 217.811955 179.264602 148.843149 122.287472 100.643113 85.100155 70.873949 59.635609 53.483998 46.925949 42.489718 42.553940 
42.553940 43.589840 44.831525 48.121834 54.848153 61.198638 72.722747 86.116232 104.259256 125.484238 152.702760 184.630753 223.492584 270.944253 326.815838 394.075349 472.904420 566.541921 676.406281 804.157939 953.166193 1024.222467 1123.138645 1182.739626 1340.805631 1581.143961 1809.453256 2082.090586 2408.659737 2793.385205 3271.555953 3794.143019 4423.494307 5118.162226 5902.109381 6828.068808 7872.368918 9045.374993 10358.951769 11795.717663 12075.155235 10384.293389 11608.267298 12004.556361 12697.964233 13995.819095 15125.468758 16222.831381 17489.286373 18943.058103 20429.250861 21925.409303 23423.467736 24812.447803 26108.313105 27486.299718 28793.706285 30010.769075 31032.109323 31796.814750 32486.846917 33095.427544 33547.237054 33821.938558 33917.882575 33821.938573 33547.209479 33095.427536 32486.853173 31796.814750 31032.109345 30010.769076 28793.706284 27486.299718 26108.313106 24812.447618 23423.478681 21925.409276 20429.250939 18943.058337 17488.642854 16222.831381 15125.468758 13995.819095 12697.964461 12004.556361 11608.267387 10384.293104 12075.155236 11795.717662 10358.951769 9045.374993 7872.368926 6828.068809 5902.659421 5118.162226 4423.494307 3794.142963 3271.555953 2793.385201 2408.659737 2082.090586 1809.453256 1581.143961 1340.805631 1182.739626 1123.138645 1024.222467 953.285513 804.157939 676.406281 566.541921 472.904420 394.075349 326.815838 270.944253 223.492584 184.630753 152.702760 125.484237 104.259256 86.116232 72.724570 61.198638 54.848153 48.121834 44.831525 43.589840 
42.489718 44.831525 46.540323 50.171101 56.226289 65.635905 76.812577 91.544762 110.795514 134.637374 162.581202 197.797735 240.248493 289.496850 349.987148 421.896069 506.303204 606.292473 723.095979 803.921030 954.219949 1041.294688 1096.922206 1296.583435 1423.766487 1679.550767 1898.159488 2233.957724 2609.043466 3023.058107 3514.938997 4104.421370 4780.481959 5525.885566 6386.324837 7380.680401 8500.880370 9758.750573 11130.340252 12675.643386 11926.926812 11875.975048 12210.848377 12880.994220 14085.213757 15204.956435 16686.736357 18114.697741 19462.127457 21083.644248 22737.051044 24409.376078 25783.391646 27292.703927 28873.724374 30396.833954 31775.326118 33186.429326 34107.722515 35144.170431 35881.736467 36554.716349 37058.151791 37357.810905 37463.194235 37357.889399 37058.151793 36557.616330 35881.736468 35144.170431 34123.621726 33186.429317 31774.585767 30333.465611 28873.546011 27291.681936 25783.747682 24409.376089 22737.051043 21083.679474 19462.130054 18114.697746 16686.736356 15204.991750 14250.789592 12874.562562 12210.848207 11874.386749 11926.431942 12664.782949 11130.340252 9758.750655 8500.880622 7380.680622 6386.324832 5525.885565 4780.481334 4104.321709 3537.498821 3023.052774 2609.040485 2233.957820 1898.159488 1679.527961 1423.766487 1296.583435 1096.922220 1041.294661 954.219949 803.920796 723.095979 606.292462 506.924442 421.896072 349.987148 289.496850 240.248491 197.797702 162.581202 134.637374 110.795514 91.544762 76.812578 65.635905 56.226289 50.171101 46.542721 44.831525 
46.925949 48.121834 50.171101 54.698921 62.409771 72.850444 86.479807 101.880734 123.277367 149.069183 180.444458 220.132180 267.247503 322.716020 389.186857 468.945839 523.210512 626.701412 748.297074 890.012675 1056.030633 1148.498510 1225.131438 1447.428475 1651.351239 1853.630306 2181.574005 2521.646409 2929.548060 3430.666023 3964.003393 4623.335529 5378.875634 6240.648630 7195.774264 8263.402805 9507.544064 10903.307744 12463.890599 14194.461805 13240.392914 12965.951670 14482.611405 15190.298048 16211.004320 17863.624668 19304.744604 20950.773445 22699.759311 24372.571004 26268.168977 28195.459043 30054.578458 31950.615639 33662.062892 35449.476923 37129.939867 38574.821624 39782.777885 40980.489402 41817.174886 42694.896012 43127.083137 43477.846886 43585.525462 43480.759929 43127.015772 42694.896017 41817.171644 40980.498178 39773.260693 38574.821631 37129.939860 35449.476931 33661.952147 31948.597703 30114.994509 28192.103895 26268.168984 24372.589943 22699.759309 20950.773445 19175.069500 17863.624659 16211.004327 15190.297779 14482.611404 12972.663584 13238.944710 14194.464832 12463.890599 10903.307744 9507.544064 8263.402805 7176.810072 6240.648630 5378.875634 4623.335529 3964.121703 3430.662587 2929.548066 2521.646409 2181.569822 1853.630306 1651.351239 1447.428475 1224.900098 1148.498510 1056.030633 890.012814 748.297068 626.701396 523.210512 468.945839 389.186857 322.716020 267.247482 220.132180 180.444049 149.069183 123.277367 101.880734 86.479807 72.850444 62.409771 54.698921 50.171101 48.121834 
53.483998 54.848153 56.226289 62.409771 69.766865 82.575233 97.506979 116.324484 140.784112 170.508329 207.346316 251.725179 304.821427 369.705423 446.510495 499.906774 598.706824 716.797357 855.005165 1017.435100 1138.353245 1264.766132 1437.078270 1598.109121 1870.112830 2128.516477 2505.957596 2922.933581 3389.142960 3993.255123 4637.329296 5386.210133 6230.355427 7220.304737 8335.081613 9592.753768 10998.781088 12597.952091 14334.789505 16253.134476 14545.579048 15848.311405 16653.364196 17095.507322 18673.126683 20274.513505 22335.664932 24409.147978 27214.106286 29477.662840 31784.034315 33880.571340 36188.199967 38516.565305 40517.119863 42650.941322 44790.768235 46194.166824 47809.452772 49251.996314 50479.576645 51367.835943 40689.968787 41027.319701 41125.890887 41027.319709 40692.275192 51367.835945 50479.638558 49251.996160 47809.452763 46194.168805 44746.640057 42650.941317 40517.119849 38516.565300 36188.251924 33880.571208 31781.156672 29477.662840 27215.354043 24409.147797 22331.477103 20274.507853 18673.131996 17095.507318 16653.364283 15848.311439 14545.578307 16253.134475 14323.836065 12597.952203 10997.534483 9592.753768 8335.081613 7220.304386 6230.355754 5386.210133 4637.329298 3993.255123 3389.142968 2922.933581 2505.925944 2128.516489 1869.997913 1598.109121 1437.078270 1264.766122 1138.353251 1017.435100 855.005165 716.797357 598.706824 499.906774 446.510468 369.705423 304.821320 251.725179 207.346316 170.508329 140.784112 116.324484 97.506979 82.575233 69.766865 62.409771 56.226289 54.848153 
59.635609 61.198638 65.635905 72.850444 82.575233 95.847284 113.529556 137.274356 165.173295 199.915290 242.983358 294.826720 356.820752 402.903210 486.183247 585.139729 702.188626 791.617644 928.883808 1107.914133 1316.412387 1466.355747 1669.155073 1926.494981 2216.247932 2560.987315 2948.889075 3463.881940 4044.800060 4694.343448 5467.979038 6369.290100 7400.649047 8542.422877 9862.451381 11336.493036 12990.118524 13902.724183 15917.904466 18141.579183 16231.960361 17443.303702 19368.501227 19929.290804 21758.272998 24169.721227 26362.604444 28909.057019 31658.317630 34154.102064 37848.931361 40761.728659 43611.542353 46329.228527 50019.596090 52662.228148 42667.952931 44291.877896 45790.571079 47123.494990 48253.327005 38066.193394 38449.175530 38717.462454 38816.047474 38717.462479 38449.184402 38066.186219 48253.409900 47123.502632 45790.563017 44291.832061 42667.961191 52662.228148 50019.596111 46329.228532 43612.302247 40763.900595 37850.685142 34154.102059 31658.317633 28909.057022 26362.573009 24168.970203 21758.272998 19929.290797 19368.873661 17443.303701 16231.960272 18141.579172 15916.153023 13902.111577 12990.118524 11336.491606 9862.451380 8543.121062 7400.649047 6369.290100 5467.979121 4694.343428 4044.611515 3463.881940 2948.791880 2560.987315 2216.247826 1926.494983 1668.974105 1466.432660 1316.412388 1107.914133 928.883815 791.617644 702.188626 585.139730 486.131955 402.903210 356.820752 294.826720 242.983358 199.915731 165.173295 137.274088 113.529556 95.847284 82.575233 72.850444 65.635905 61.198638 
70.873949 72.722747 76.812577 86.479807 97.506979 113.529556 134.804054 162.198816 196.685930 237.808516 288.840310 350.443270 397.540168 480.790796 578.936250 680.023049 772.828408 926.966079 1107.847744 1320.161422 1550.674052 1687.947358 1948.473135 2268.634391 2608.308386 3074.119258 3582.110131 4164.473351 4866.084604 5685.971107 6633.366460 7668.959662 8874.065698 10266.822469 10776.287827 12483.699935 14405.193398 16579.515968 17895.577764 20450.369089 18020.089180 20023.892246 22343.316150 23627.619504 26317.652461 28796.120233 31884.328982 35182.434071 38257.502500 41782.174132 45166.930866 48764.313579 53227.799674 43886.449050 46558.776113 50153.505296 39766.833495 42238.989132 43607.837765 44775.496004 35358.769786 35922.906133 36304.007600 36542.717216 36649.491211 36542.718173 36304.004065 35923.339837 35358.418663 44775.911383 43607.821145 42257.993706 39766.862023 49722.643680 46558.776190 43886.448927 53227.799633 48764.313725 45166.930865 41782.174120 38257.502510 35182.434080 31933.733947 28796.120297 26317.652462 23498.322333 22343.316148 19839.853448 18020.089180 20450.369106 17895.577764 16579.515969 14405.193455 12491.720719 10776.287826 10266.822469 8874.065735 7657.145951 6633.366460 5685.971107 4866.084604 4153.978006 3582.110132 3074.119258 2608.398994 2268.634395 1948.473135 1687.947358 1550.674052 1319.851218 1107.847744 926.966079 772.828408 680.023050 578.936250 480.532746 397.540168 350.443270 288.840310 237.808516 196.685930 162.198499 134.804054 113.529556 97.506979 86.479807 76.812578 72.724570 
85.100155 86.116232 91.544762 101.880734 116.324484 137.274356 162.198816 195.126128 235.751186 286.613904 346.975830 395.853865 479.249030 560.364965 642.396163 774.507503 931.811803 1098.348782 1261.454279 1505.896971 1792.550451 2043.755651 2362.484054 2734.250982 3201.838824 3712.007453 4363.515059 5116.336963 5921.293145 6905.465392 8034.709768 9326.851513 9646.267472 11228.539531 13034.985630 13956.813523 16188.701848 18669.748211 21466.585042 24521.186744 20710.427782 23518.087297 26223.586818 29434.146429 31628.434687 35323.022299 38852.344486 42963.301554 47190.381940 51327.714093 55862.804614 46319.916899 49916.126507 40474.761409 43694.687713 46373.978603 48474.077293 38555.998462 40777.048905 42944.122134 33917.011354 34395.856486 34760.463439 34958.669763 35005.425062 34958.669781 34760.463412 34397.506977 33917.012416 33474.029035 40776.633712 38555.998333 48474.079214 46481.375094 43694.699515 41132.618549 49940.481403 46319.916986 55862.804335 51289.221676 47190.381968 42964.632778 38852.344501 35323.016637 31628.434687 28645.493339 26224.007718 23518.087833 21037.086864 24515.711739 21466.585212 18679.102428 16187.361446 13956.813523 13035.026803 11228.539424 9646.267470 9326.851513 8034.326354 6905.442138 5921.293152 5102.845744 4363.515067 3729.006563 3201.838824 2734.250971 2362.484054 2043.778994 1792.550451 1505.896729 1261.405505 1098.348782 931.811803 774.507503 642.396133 560.364965 479.249030 395.831593 347.203541 286.613904 235.751186 195.126128 162.198499 137.274088 116.324484 101.880734 91.544762 86.116232 
100.643113 104.259256 110.795514 123.277367 140.784112 165.173295 196.685930 235.751186 284.892549 345.524407 396.960910 460.981404 559.433611 645.613475 780.655787 920.159239 1108.821538 1281.367004 1535.100653 1812.694115 2159.857665 2471.845196 2835.562213 3323.629366 3901.992770 4562.690527 5321.453341 6227.713356 7275.206210 8477.744715 8638.758759 10086.503782 11764.080933 12480.169176 14509.351620 16886.562195 18510.305990 21480.369473 24541.147770 28143.395027 25514.409839 27646.812392 31403.009596 35441.959679 39711.629885 43101.021483 47992.827071 53121.593344 58123.783140 48738.022147 52751.999086 43431.821272 46744.223683 37999.408797 40887.902882 42679.571953 45440.809827 36001.638277 37320.449336 39257.297134 32323.354420 33917.269887 34250.161165 34467.927495 34494.212369 34467.925208 34250.161120 33917.283081 32323.358647 39257.289331 37320.456252 36001.638276 45440.809925 42679.572186 40887.903741 37999.408953 46744.409493 43431.882902 52751.999633 48738.022184 58123.785951 53121.593331 47992.827104 43101.021492 39711.629886 35441.959709 31403.009596 27647.259258 25516.187351 28143.400715 24541.149856 21480.369588 18510.306176 16886.562195 14509.351620 12480.169176 11764.080933 10086.503782 8638.758745 8477.744715 7275.220480 6227.721550 5321.453382 4562.675512 3901.992789 3323.629366 2835.562213 2471.845196 2159.857665 1812.694115 1535.100653 1281.367004 1108.821579 920.159239 780.655788 645.613565 559.433611 460.981404 396.960750 345.524407 284.892549 235.751186 196.685930 165.173295 140.784112 123.277367 110.795514 104.259256 
122.287472 125.484238 134.637374 149.069183 170.508329 199.915290 237.808516 286.613904 345.524407 418.806006 460.564728 560.148212 650.450268 764.693285 927.238196 1080.913971 1281.594233 1542.663473 1850.957349 2153.357455 2566.230765 3027.912465 3457.934482 4057.373799 4765.448901 5594.455115 6543.063333 7627.468305 8911.545228 9037.403809 10563.425179 11068.901044 12945.274596 14051.486258 16493.310550 19164.848079 22282.034576 24821.108422 28710.958850 33035.119530 30384.301260 33398.135551 37983.037456 42839.279438 48230.052964 54028.563457 59674.742159 66086.891735 55210.420402 46315.835001 37764.071280 41047.325284 44201.833999 35610.854728 37499.557136 40048.528882 32004.590667 33901.362082 35799.104708 36779.008744 30680.120571 39301.184800 34789.819081 34948.746501 35037.243928 34948.120096 34789.812132 39301.173639 30680.882709 37012.228656 35799.192913 33901.362077 32004.590943 40048.530285 37656.859747 35962.752618 44217.432149 41047.294314 37765.169663 46315.834999 55210.420400 66086.891705 59674.801746 54028.563485 48230.952325 42905.476783 37983.329095 33532.505289 30381.667722 33035.119527 28710.958834 24820.878040 22282.074955 19164.848079 16493.315764 14051.486259 12947.613197 11068.901044 10563.425180 9044.114184 8911.545325 7627.800904 6543.063508 5594.455115 4765.448901 4057.373799 3457.934697 3028.151581 2566.230766 2153.357455 1850.957350 1542.796960 1281.594192 1080.914152 927.238204 764.693285 650.450268 560.148760 460.564945 418.806006 345.524407 286.613904 237.808516 199.915731 170.508329 149.069183 134.637374 125.484237 
148.843149 152.702760 162.581202 180.444458 207.346316 242.983358 288.840310 346.975830 396.960910 460.564728 559.649620 654.389882 768.092460 933.451500 1094.688158 1297.683622 1567.013150 1885.766603 2184.583744 2615.034368 3118.504453 3705.916350 4220.920418 4947.500732 5821.686228 6839.792755 8013.341356 8027.073065 9434.077368 11016.296744 11485.139699 13469.461347 14536.728549 17081.023929 18841.835101 22126.244969 25875.981809 29824.744578 33506.569901 38622.484553 36241.122656 40590.650438 46238.212723 52398.289105 59065.524448 66135.374641 56560.642834 62722.680600 52331.441647 43653.767629 36657.427459 39271.074531 42573.865645 35128.763490 29558.877341 30741.260454 32243.232201 33433.161396 34822.666947 36101.468079 37278.979884 39171.780536 39988.879696 43027.870541 44440.637459 43027.067060 39988.881374 39172.130477 37279.000104 36101.466707 34822.697466 33433.051918 32243.232966 30810.902571 29558.811887 35129.484481 42261.487412 39271.072423 36657.427436 43653.767406 52331.441643 62722.680570 56560.643474 66166.711409 59065.524444 52398.290968 46237.692560 40590.424035 36242.168185 38622.704661 33506.569901 30125.935694 25875.981809 22128.584363 18841.835101 17081.023594 14536.728548 13469.955821 11485.139699 11016.296710 9434.077368 8026.881743 8013.341356 6839.861853 5821.686228 4947.500732 4245.873556 3705.916350 3118.547028 2615.034368 2184.583744 1885.766603 1567.013150 1297.655740 1094.688158 933.451500 768.092460 654.389882 559.649620 460.564945 396.960750 347.203541 288.840310 242.983358 207.346316 180.444049 162.581202 152.702760 
179.264602 184.630753 197.797735 220.132180 251.725179 294.826720 350.443270 395.853865 460.981404 560.148212 654.389882 768.713443 936.628131 1104.830843 1310.133625 1586.720317 1872.307297 2226.914317 2674.259044 3200.195589 3755.024703 4440.675688 5262.952740 6071.523117 7141.518329 8386.158196 8312.276803 9792.927203 10083.408022 11900.592624 13961.897005 14970.408057 17588.453102 19443.660421 22911.688048 26667.710920 30077.460039 35115.789486 40724.911208 46081.853962 43716.355525 49891.034926 56649.076433 64181.801536 72386.723609 62247.284723 52969.935418 58788.104329 49606.474639 41481.017859 45374.348398 38557.818904 33460.250767 34550.610956 30042.105547 31678.915711 33328.210107 34909.874827 36433.214461 37828.232191 38832.809617 40296.412856 41259.100282 42431.680944 42386.419007 42431.985956 41259.100255 40296.364030 38833.032121 37828.231963 36433.214460 34909.870863 33328.213227 31678.916213 30123.489626 34552.128144 33460.250732 38557.819155 45374.348288 41481.017841 49606.478607 58788.102934 52969.936213 62264.059833 72386.723603 64181.801525 56649.076429 49891.034759 43750.973304 46081.900692 40724.911208 35115.789477 30078.795886 26667.710917 22911.688099 19443.660421 17588.453102 14970.408057 13961.897005 11900.592618 10083.408022 9792.945410 8315.050642 8386.158197 7141.518329 6071.498031 5262.952740 4440.675688 3755.024703 3200.195589 2674.259235 2226.914317 1872.307297 1586.720317 1310.133625 1104.830843 936.663267 768.713443 654.389882 560.148760 460.981404 395.831593 350.443270 294.826720 251.725179 220.132180 197.797702 184.630753 
217.811955 223.492584 240.248493 267.247503 304.821427 356.820752 397.540168 479.249030 559.433611 650.450268 768.092460 936.628131 1081.251595 1316.571011 1599.165578 1896.854822 2259.692441 2722.253465 3267.770541 3827.363747 4566.043568 5428.359631 6430.855382 7420.773165 8721.558237 8614.064494 10172.134923 10381.895225 12266.619320 12986.105027 15410.551146 18159.965094 19971.722266 23610.554425 26450.014849 31144.281275 36508.486315 42174.783426 48331.260759 51174.760826 54443.365237 60859.116902 69417.390860 78761.503085 68256.208424 58518.627945 50040.935466 55484.675273 47250.484252 40985.158236 44616.378068 39177.264016 34491.363945 36210.992689 33167.762923 35005.486003 36553.465400 38329.952036 40017.944245 41622.809660 43078.642529 44395.852357 45794.294448 42561.416319 41819.837710 42561.448909 45794.292986 44395.677117 43078.630149 41622.809091 40017.914640 38329.967951 36553.472900 35005.486067 33167.764453 36396.235933 34150.482758 39177.164781 44616.320158 40985.157633 47250.494152 55484.674837 50040.938530 58518.627941 68256.000470 78761.503023 69417.390849 60859.117160 53991.506141 54520.209059 48331.260753 42174.783426 36508.486315 31144.281635 26450.014849 23610.554422 19971.722264 18159.965084 15410.536122 12986.076369 12264.733267 10381.895225 10172.134923 8618.861978 8721.558238 7420.773165 6430.855381 5428.359631 4566.043568 3827.363747 3267.770490 2722.253465 2259.677018 1896.854822 1599.165578 1316.571011 1081.251595 936.663267 768.092460 650.450268 559.433611 479.249030 397.540168 356.820752 304.821320 267.247482 240.248491 223.492584 
264.162467 270.944253 289.496850 322.716020 369.705423 402.903210 480.790796 560.364965 645.613475 764.693285 933.451500 1104.830843 1316.571011 1603.839949 1880.467741 2280.110479 2755.653279 3274.574036 3901.179829 4670.033714 5547.993269 6597.094130 7749.136175 9152.544933 8897.904054 10516.828414 10678.542639 12645.259914 13323.226486 15796.783522 17212.015177 20468.261374 24137.644664 27165.257305 31063.225904 36664.380222 42741.103348 49964.819932 58045.238690 63377.719385 67379.253466 75258.411534 85162.345455 74371.497233 64340.440386 55512.141076 48197.564136 53463.272746 38106.012594 41641.449603 45710.912129 48845.602899 52617.957813 39964.677854 38365.795536 40587.619621 42695.035838 44818.116888 46815.032477 48687.217226 50424.205947 51716.113572 47902.622740 47960.970425 48039.741231 47961.044173 47906.531506 51718.878427 50424.210206 48687.216221 46815.032623 44818.126517 42695.030766 40526.827313 38365.796916 39963.677007 52617.953601 48845.603797 45710.909846 41641.483690 38376.316275 53463.272732 48196.163379 55512.132646 64340.447566 74365.482931 85162.344776 75258.412196 67379.254128 63377.459450 58045.238690 49966.294392 42741.103348 36664.381010 30832.207932 27165.257287 24137.644584 20468.165931 17212.015163 15796.783521 13323.469513 12645.259914 10678.542639 10516.828414 8897.904054 9152.544934 7749.136194 6597.094129 5497.369262 4670.033723 3901.179829 3274.598009 2755.653279 2280.110479 1880.467741 1603.839949 1316.571011 1104.830843 933.451500 764.693285 645.613565 560.364965 480.532746 402.903210 369.705423 322.716020 289.496850 270.944253 
319.479440 326.815838 349.987148 389.186857 446.510495 486.183247 578.936250 642.396163 780.655787 927.238196 1094.688158 1310.133625 1599.165578 1880.467741 2287.406208 2773.206793 3279.184334 3952.619497 4746.492341 5633.375566 6690.618297 7935.203913 9404.170740 11107.084059 10815.413142 10926.603626 12968.132726 13591.222248 16159.785198 17537.515785 20892.136005 23329.921866 27757.104114 32702.298655 36540.735758 43184.193507 50792.582568 58874.382512 69125.594304 75526.039630 82031.910160 92332.232979 104956.015876 71259.751901 61743.330743 54336.445105 48501.631739 43980.990684 41249.858517 45061.995025 49551.713411 52331.961811 48611.324314 51779.702444 54981.055222 58040.625312 55471.130721 54458.656732 56885.709054 59173.850915 59641.888349 57438.926117 57759.137632 58228.028042 55670.035960 58469.565555 57978.949503 57186.473192 59642.019284 59173.025140 56885.705819 54458.880153 51905.522966 52780.884682 54971.253506 51719.537061 55376.411376 52333.183720 49551.723199 45064.017274 41249.916096 37608.774701 48163.452881 54336.424445 61743.348921 70739.204780 104981.586818 92948.180878 81488.529309 75526.047265 69125.599349 58874.385026 50788.352430 43184.195428 36540.735757 31559.633469 27757.104569 23321.659312 20905.344737 17535.122102 16158.719565 13591.222298 12968.129475 10926.603627 10815.509566 11107.084059 9404.170791 7935.203913 6690.618297 5607.531887 4746.487000 3952.609879 3279.175660 2773.206826 2287.406208 1880.467741 1599.165578 1310.133625 1094.688158 927.238204 780.655788 642.396133 578.936250 486.131955 446.510468 389.186857 349.987148 326.815838 
383.637088 394.075349 421.896069 468.945839 499.906774 585.139729 680.023049 774.507503 920.159239 1080.913971 1297.683622 1586.720317 1896.854822 2280.110479 2773.206793 3289.804591 3978.603964 4793.926454 5755.120331 6803.171902 8114.565039 9573.930770 11397.693997 11152.659958 13209.650084 13241.531744 13812.267667 16454.103948 17834.189788 21250.782337 23684.787540 28262.107851 33586.508584 38187.735208 43872.174220 51450.138736 60111.513979 69758.773931 81940.160446 90885.916071 98741.829582 112732.890065 99355.252893 67898.245513 60461.189125 54776.138135 60740.978841 43438.858563 47133.236540 52480.439376 56147.864992 59055.638414 57285.398483 61076.926577 61106.364804 64653.500390 68125.025539 71461.283462 74623.878022 72857.477586 71127.844282 71760.562232 72265.668543 72868.086430 73213.493157 72868.113807 72265.654247 71760.447115 71127.864845 72857.468376 73154.927361 71461.336343 68125.010172 64653.501103 61106.383557 61076.925415 57285.440954 59055.649200 56147.854152 52480.458360 47134.372387 43438.869361 50525.788889 54776.080354 60461.232470 67898.245014 99355.271454 112732.686898 98741.465468 90885.919179 81940.160324 69758.773896 60111.514139 51450.317776 43202.500034 38187.734013 33587.039794 28262.107850 23685.143604 21250.782753 17834.189993 16454.103949 13812.267677 13241.531741 13209.650084 11152.681926 11381.880829 9573.930755 8114.588050 6803.172329 5755.120331 4793.926454 3978.603964 3289.804591 2773.206826 2280.110479 1896.854822 1586.720317 1297.655740 1080.914152 920.159239 774.507503 680.023050 585.139730 499.906774 468.945839 421.896072 394.075349 
461.209135 472.904420 506.303204 523.210512 598.706824 702.188626 772.828408 931.811803 1108.821538 1281.594233 1567.013150 1872.307297 2259.692441 2755.653279 3279.184334 3978.603964 4745.888764 5721.525242 6871.811065 8222.834343 9761.571199 11597.949244 11438.274000 13491.626822 13616.916268 16039.847550 16712.447558 18034.552393 21537.789646 23956.277831 27237.750814 32584.211583 38842.960444 45848.593051 54200.577413 62039.387554 71894.237863 83522.347196 98033.294920 108726.471676 120076.157466 106434.509320 94639.383841 67132.357214 52261.794866 58081.070228 64592.344107 55636.551939 55899.800524 62026.954111 66672.455342 65953.618030 67916.476223 72418.367879 76948.457042 81416.215778 83439.963140 87499.490127 88233.958602 88608.201714 89968.540460 91321.839684 92507.732638 93266.097024 93459.952718 93267.790744 92506.666254 91390.438003 89970.023124 88608.150217 89582.192973 87500.275442 83437.258038 81416.207173 76948.636248 72418.379426 70425.835283 65953.665996 65699.800753 62026.930725 56453.846439 55636.577927 64592.344598 58078.917067 61768.116140 67434.906464 94639.382483 106434.509225 120075.876544 108726.457856 94347.345018 83522.343584 71370.666158 62039.387553 54204.818112 45848.449437 38843.206882 32584.211579 28653.412963 23956.268334 21537.789554 18034.552281 16707.957095 16039.850747 13566.512271 13491.626822 11438.274000 11597.944375 9761.576988 8222.834343 6871.810946 5721.525242 4809.762140 3978.603964 3279.175660 2755.653279 2259.677018 1872.307297 1567.013150 1281.594192 1108.821579 931.811803 772.828408 702.188626 598.706824 523.210512 506.924442 472.904420 
552.588810 566.541921 606.292473 626.701412 716.797357 791.617644 926.966079 1098.348782 1281.367004 1542.663473 1885.766603 2226.914317 2722.253465 3274.574036 3952.619497 4793.926454 5721.525242 6895.068885 8216.284669 9871.304848 11724.597371 13894.931637 13687.430048 13830.176687 16390.981211 17037.099369 20211.483373 21781.923897 24245.529005 28968.055968 32929.025345 38007.801399 45611.316034 53620.244181 63469.502892 74224.236256 86647.442779 100558.335733 117857.615855 131304.405159 144970.486586 102428.645935 92045.136429 69502.891710 58530.773011 65022.583071 65481.053635 71522.491204 78717.388968 80067.650765 80035.177827 83121.376232 86854.335236 92585.189630 98348.240107 102193.710313 107576.145246 109619.611138 111816.978428 113865.233599 116151.862332 118197.153255 119644.293807 120607.409624 120936.756459 120607.486663 119644.375655 118197.136022 116211.773991 113624.514177 111822.812527 110991.932801 107576.192097 102193.708393 98348.336537 92585.209473 89000.833763 83121.510934 80674.446635 76315.742242 78717.418317 71522.170070 72179.641721 64678.960377 58791.606409 69502.889070 92102.517148 102428.340028 144970.486162 130781.815105 117015.810547 100558.336077 86650.677153 75262.308084 63468.949093 53939.260039 45611.316010 38007.801352 32929.025314 28958.376327 24245.530852 21781.923862 20207.586668 17037.099382 16414.616637 13830.176669 13687.430047 13930.185628 11724.597371 9871.293984 8216.284567 6895.068885 5721.525242 4793.926454 3952.609879 3274.598009 2722.253465 2226.914317 1885.766603 1542.796960 1281.367004 1098.348782 926.966079 791.617644 716.797357 626.701396 606.292462 566.541921 
659.814562 676.406281 723.095979 748.297074 855.005165 928.883808 1107.847744 1261.454279 1535.100653 1850.957349 2184.583744 2674.259044 3267.770541 3901.179829 4746.492341 5755.120331 6871.811065 8216.284669 9865.959602 11843.132027 14042.784008 16645.042066 16435.043696 16637.112003 17229.920323 20579.072070 21969.724862 26282.589711 29186.156735 34933.274813 38312.715608 45854.189945 53922.919459 63517.018803 75224.265590 89176.199046 104089.005710 119356.560248 139769.536458 156743.088510 174691.806506 100502.653148 92942.129989 75415.351100 68797.217868 76157.108363 84111.929026 86189.296529 91603.857292 98842.480605 101200.093379 106223.616158 113713.889015 119425.755837 126743.089040 132559.913055 136405.702540 141153.572682 143943.056814 146570.505638 150095.147812 152638.049218 154564.598252 155775.853929 155419.214299 155028.784691 154564.568734 152674.395981 150095.886624 146528.881961 143943.323388 141152.177956 136406.258497 131181.255887 126743.364899 119425.814849 113714.695386 106223.768092 101200.083189 97639.557688 91603.926118 86831.734419 84111.925948 76154.675731 68797.219138 67189.607878 92942.128493 100409.839607 174694.904019 156748.237796 139769.245683 119356.561163 103466.171376 89176.199113 75224.153065 63517.395832 53922.915000 44942.951205 38312.715425 34933.513333 29186.156733 26282.554096 21969.724919 20537.512207 17229.920322 16637.108806 16435.043695 16645.041871 14042.795839 11818.981016 9865.959602 8216.284567 6871.810946 5755.120331 4746.487000 3901.179829 3267.770490 2674.259235 2184.583744 1850.957350 1535.100653 1261.405505 1107.847744 928.883815 855.005165 748.297068 723.095979 676.406281 
784.463126 804.157939 803.921030 890.012675 1017.435100 1107.914133 1320.161422 1505.896971 1812.694115 2153.357455 2615.034368 3200.195589 3827.363747 4670.033714 5633.375566 6803.171902 8222.834343 9871.304848 11843.132027 14057.213855 16787.097780 16565.406197 19680.394802 19883.323974 20719.484868 22181.581796 26499.858398 29313.969761 33396.625798 39959.298536 47645.920886 54942.003962 64551.272419 75516.466935 88974.557451 105433.301885 122438.983267 143048.806949 162289.259004 187749.825880 167407.452945 102183.250024 85372.099424 86324.740258 88367.427897 93004.715114 98096.141053 105456.966566 115303.375503 119968.353976 129000.888599 138671.115520 146513.592563 154755.434762 164259.210541 169482.412747 175003.787654 181205.270670 187376.208279 192766.199428 196671.554958 200687.270896 202559.605413 204106.619057 204732.968437 204139.843485 202559.213419 200687.353491 197485.843706 192765.989106 187374.991077 181248.126413 175004.294042 169550.017263 164263.612742 154755.618618 146510.177211 138671.418689 129000.825275 120492.143963 115304.857425 105456.968773 98096.110531 93004.719286 88367.430655 86324.737184 85704.101480 102184.695411 167967.367130 187749.826016 162289.372132 143049.035778 122438.892000 105433.301777 88974.556987 75516.466947 64551.272293 54942.155924 47454.874060 39959.298454 33301.524446 29313.828095 26499.769053 22181.657704 20719.484868 19883.323974 19680.396738 16565.406197 16787.097780 14057.213855 11818.981016 9871.293984 8222.834343 6803.172329 5607.531887 4670.033723 3827.363747 3200.195589 2615.034368 2153.357455 1812.694115 1505.896729 1319.851218 1107.914133 1017.435100 890.012814 803.920796 804.157939 
929.920493 953.166193 954.219949 1056.030633 1138.353245 1316.412387 1550.674052 1792.550451 2159.857665 2566.230765 3118.504453 3755.024703 4566.043568 5547.993269 6690.618297 8114.565039 9761.571199 11724.597371 14042.784008 16787.097780 20029.470317 19780.455447 19978.598815 23812.172913 24822.576327 26662.299296 29481.392735 35187.525911 40084.691730 46471.806082 55322.586192 66015.440911 77445.647160 90190.070929 106666.489292 124897.484365 146018.211630 169628.433853 197056.456883 223625.366812 163279.671524 108992.096979 98229.309532 102112.880833 113495.990448 113119.252144 124288.359326 134875.895846 145536.981814 153853.401156 165753.127076 178201.104166 188259.085119 199993.078485 209281.439938 217936.666542 226963.149251 235867.268554 244165.675993 251508.617089 257598.392870 261865.986699 265375.306944 267375.372804 268097.304219 267377.113052 265375.185459 261866.047149 257599.103064 251508.629921 244163.591134 235867.331226 226963.470845 218259.343546 212192.636848 199993.457875 188256.846573 178201.392276 165756.079456 154258.307597 145536.975762 134875.892747 124288.343687 119662.892278 113495.992839 109766.801479 98229.308526 96371.019563 163777.867278 223628.427270 197058.405112 169628.512334 146481.417664 125600.811532 106666.488365 90190.071564 78820.053329 66015.454804 55322.587412 46471.805209 40087.629378 33334.284926 29481.392735 26678.382537 24822.576328 23812.172914 19978.598769 19803.797775 20029.470317 16787.097780 14042.795839 11724.597371 9761.576988 8114.588050 6690.618297 5497.369262 4566.043568 3755.024703 3118.547028 2566.230766 2159.857665 1792.550451 1550.674052 1316.412388 1138.353251 1056.030633 954.219949 953.285513 
924.175746 1024.222467 1041.294688 1148.498510 1264.766132 1466.355747 1687.947358 2043.755651 2471.845196 3027.912465 3705.916350 4440.675688 5428.359631 6597.094130 7935.203913 9573.930770 11597.949244 13894.931637 16645.042066 16565.406197 19780.455447 20279.989654 21200.225690 22736.734167 27245.963796 30059.006248 34000.090878 40650.685749 46369.566229 54570.686489 65044.142854 77382.260675 92401.024225 109104.250995 126788.166314 148607.781985 174081.478873 202407.062942 233628.212557 263486.096455 164365.079253 111542.221947 117464.187747 130375.683297 138534.509614 149065.823614 158570.321642 172135.398532 184120.987468 196727.144329 212407.505970 228376.078022 243725.839972 258324.045950 268965.056398 281987.170375 294460.775259 306522.533426 317394.067138 326935.353395 334206.487946 340897.747097 344828.677538 347584.180456 348535.557262 347585.321197 344830.202335 340897.788380 334209.020016 326935.072157 317394.083968 306523.128614 294458.926177 281987.073396 268953.174301 259676.622193 243707.387210 228370.836646 212403.913307 196727.134293 184120.927012 172135.277907 158570.165073 149065.865948 138534.504287 130375.676722 117175.362948 121545.129703 163838.933015 263484.344304 233626.198007 202407.059094 174081.479351 148607.780765 126788.163025 109104.250792 92401.024005 77653.771085 65044.142691 55789.962142 46366.428564 40650.674236 34000.085261 30059.006250 27245.963721 22736.733528 21200.225321 20279.989653 19803.797775 16565.406197 16645.041871 13930.185628 11597.944375 9573.930755 7935.203913 6597.094129 5428.359631 4440.675688 3705.916350 3028.151581 2471.845196 2043.778994 1687.947358 1466.432660 1264.766122 1148.498510 1041.294661 1024.222467 
1093.201473 1123.138645 1096.922206 1225.131438 1437.078270 1669.155073 1948.473135 2362.484054 2835.562213 3457.934482 4220.920418 5262.952740 6430.855382 7749.136175 9404.170740 11397.693997 11438.274000 13687.430048 16435.043696 19680.394802 19978.598815 21200.225690 22900.139390 25323.443195 28600.068582 32912.166271 39595.160197 46071.716871 55311.684645 65860.203076 77688.315001 91500.828386 109191.704858 128140.128880 150755.837753 175990.781573 205976.771760 238605.915273 274145.668894 311672.261575 150340.620875 141143.675644 149308.612908 155214.923593 169890.243278 185253.760167 204524.827545 217675.047523 234898.848179 254290.241032 274441.799899 294259.185942 313266.374622 329446.870206 347626.348206 365260.956766 381485.535384 396537.649205 411129.179980 422628.491232 422136.995882 440580.766954 436180.204257 439523.253874 427776.521289 426338.570975 436183.129707 441051.182782 432325.558171 422060.124791 411132.541494 397078.146837 381486.951220 364963.359334 347614.527222 329526.505433 312811.380617 294257.176044 274442.717484 254260.863224 234898.794604 217674.568226 203662.112782 185253.845501 169890.243751 155214.849586 149308.666490 141218.659062 170788.134308 311806.382811 274152.029521 239510.851662 205976.771393 175990.782775 150755.851862 128140.127089 109191.704398 91500.827545 77688.302077 65860.202762 55327.003119 45963.386748 39595.179834 34394.988897 28600.068527 25323.443216 22900.139388 21200.225321 19978.598769 19680.396738 16435.043695 13687.430047 11438.274000 11381.880829 9404.170791 7749.136194 6430.855381 5262.952740 4245.873556 3457.934697 2835.562213 2362.484054 1948.473135 1668.974105 1437.078270 1224.900098 1096.922220 1123.138645 
1148.950439 1182.739626 1296.583435 1447.428475 1598.109121 1926.494981 2268.634391 2734.250982 3323.629366 4057.373799 4947.500732 6071.523117 7420.773165 9152.544933 11107.084059 11152.659958 13491.626822 13830.176687 16637.112003 19883.323974 23812.172913 22736.734167 25323.443195 28704.622632 33056.672817 38549.371599 45470.705152 54441.739991 64480.599539 77424.668742 91803.184903 108987.671297 129423.272854 151632.610158 178257.470701 206978.559818 241383.165361 280872.046456 319155.128718 362194.985546 170787.399812 169428.974253 183115.091184 194415.559199 212586.356712 231589.344732 253240.481185 273579.294775 297942.227912 323196.224508 347186.928406 370769.804668 393430.665919 407679.477686 419269.070083 422466.939371 443718.520410 461851.956867 476754.561925 441379.659669 379711.595843 358781.882666 335672.077045 338351.290403 301822.504878 338355.149722 335668.886907 358783.458162 379740.821481 420848.807774 476784.274353 461853.520556 443719.623147 422469.410687 418837.479487 409021.535496 392729.397058 371209.470731 347169.783416 323191.435990 297942.120987 272830.952684 253240.549602 231588.347303 212586.361985 193233.326994 189558.797484 169356.553205 170311.867235 362192.664913 319152.555483 280879.216947 241383.165303 206978.051541 178257.542449 152221.721514 129423.230241 108987.671140 91803.185526 77420.488785 64480.592985 54421.549887 45470.706634 38549.371586 33071.865707 28704.621567 25323.443216 22736.733528 23812.172914 19883.323974 16637.108806 13830.176669 13491.626822 11152.681926 11107.084059 9152.544934 7420.773165 6071.498031 4947.500732 4057.373799 3323.629366 2734.250971 2268.634395 1926.494983 1598.109121 1447.428475 1296.583435 1182.739626 
