0.002987 0.003987 0.005545 0.007856 0.011321 0.016222 0.023107 0.032720 0.046055 0.064433 0.089603 0.123855 0.170169 0.232394 0.315461 0.425639 0.570839 0.760959 1.008287 1.327952 1.738424 2.262057 2.925674 3.761166 4.806103 6.104323 7.706472 9.670458 12.061790 14.953728 18.427231 22.570611 27.478883 33.252720 39.997001 47.818913 56.825573 67.121192 78.803783 91.961470 106.668464 122.980810 140.932030 160.528816 181.746944 204.527613 228.774386 254.350951 281.079882 308.742562 337.080405 365.797472 394.564501 423.024356 450.798779 477.496319 502.721217 526.082976 547.206301 565.741066 581.371937 593.827282 602.887018 608.389078 610.234235 608.389078 602.887018 593.827282 581.371937 565.741066 547.206301 526.082976 502.721217 477.496319 450.798779 423.024356 394.564501 365.797472 337.080405 308.742562 281.079882 254.350951 228.774386 204.527613 181.746944 160.528816 140.932030 122.980810 106.668464 91.961470 78.803783 67.121192 56.825573 47.818913 39.997001 33.252720 27.478883 22.570611 18.427231 14.953728 12.061790 9.670458 7.706472 6.104323 4.806103 3.761166 2.925674 2.262057 1.738424 1.327952 1.008287 0.760959 0.570839 0.425639 0.315461 0.232394 0.170169 0.123855 0.089603 0.064433 0.046055 0.032720 0.023107 0.016222 0.011321 0.007856 0.005545 0.003987 
0.003987 0.005322 0.007401 0.010486 0.015112 0.021653 0.030844 0.043677 0.061476 0.086009 0.119607 0.165328 0.227150 0.310210 0.421091 0.568162 0.761981 1.015762 1.345908 1.772611 2.320527 3.019497 3.905323 5.020576 6.415406 8.148329 10.286950 12.908569 16.100627 19.960919 24.597508 30.128282 36.680067 44.387247 53.389821 63.830865 75.853366 89.596428 105.190883 122.754364 142.385930 164.160394 188.122501 214.281184 242.604110 273.012786 305.378484 339.519250 375.198246 412.123652 449.950298 488.283148 526.682691 564.672203 601.746769 637.383863 671.055208 702.239550 730.435927 755.176976 776.041776 792.667738 804.761087 812.105488 814.568488 812.105488 804.761087 792.667738 776.041776 755.176976 730.435927 702.239550 671.055208 637.383863 601.746769 564.672203 526.682691 488.283148 449.950298 412.123652 375.198246 339.519250 305.378484 273.012786 242.604110 214.281184 188.122501 164.160394 142.385930 122.754364 105.190883 89.596428 75.853366 63.830865 53.389821 44.387247 36.680067 30.128282 24.597508 19.960919 16.100627 12.908569 10.286950 8.148329 6.415406 5.020576 3.905323 3.019497 2.320527 1.772611 1.345908 1.015762 0.761981 0.568162 0.421091 0.310210 0.227150 0.165328 0.119607 0.086009 0.061476 0.043677 0.030844 0.021653 0.015112 0.010486 0.007401 0.005322 
0.005545 0.007401 0.010294 0.014584 0.021018 0.030116 0.042898 0.060746 0.085502 0.119621 0.166350 0.229939 0.315922 0.431442 0.585657 0.790204 1.059769 1.412730 1.871898 2.465361 3.227406 4.199538 5.431551 6.982653 8.922593 11.332755 14.307164 17.953331 22.392869 27.761790 34.210392 41.902632 51.014902 61.734104 74.254949 88.776430 105.497411 124.611361 146.300242 170.727658 198.031382 228.315464 261.642136 298.023822 337.415552 379.708159 424.722606 472.205830 521.828437 573.184559 625.794132 679.107737 732.514099 785.350188 836.913762 886.478091 933.308441 976.679849 1015.895574 1050.305605 1079.324519 1102.448028 1119.267545 1129.482191 1132.907749 1129.482191 1119.267545 1102.448028 1079.324519 1050.305605 1015.895574 976.679849 933.308441 886.478091 836.913762 785.350188 732.514099 679.107737 625.794132 573.184559 521.828437 472.205830 424.722606 379.708159 337.415552 298.023822 261.642136 228.315464 198.031382 170.727658 146.300242 124.611361 105.497411 88.776430 74.254949 61.734104 51.014902 41.902632 34.210392 27.761790 22.392869 17.953331 14.307164 11.332755 8.922593 6.982653 5.431551 4.199538 3.227406 2.465361 1.871898 1.412730 1.059769 0.790204 0.585657 0.431442 0.315922 0.229939 0.166350 0.119621 0.085502 0.060746 0.042898 0.030116 0.021018 0.014584 0.010294 0.007401 
0.007856 0.010486 0.014584 0.020663 0.029778 0.042668 0.060778 0.086065 0.121139 0.169481 0.235685 0.325779 0.447600 0.611271 0.829762 1.119566 1.501488 2.001565 2.652118 3.492940 4.572611 5.949934 7.695458 9.893070 12.641590 16.056324 20.270487 25.436401 31.726368 39.333092 48.469514 59.367932 72.278259 87.465296 105.204914 125.779045 149.469445 176.550218 207.279172 241.888099 280.572201 323.478892 370.696347 422.242165 478.052635 537.973086 601.749859 669.024412 739.330056 812.091758 886.629356 962.164432 1037.830927 1112.689454 1185.745075 1255.968151 1322.317708 1383.766612 1439.327716 1488.080080 1529.194274 1561.955818 1585.785823 1600.258002 1605.111356 1600.258002 1585.785823 1561.955818 1529.194274 1488.080080 1439.327716 1383.766612 1322.317708 1255.968151 1185.745075 1112.689454 1037.830927 962.164432 886.629356 812.091758 739.330056 669.024412 601.749859 537.973086 478.052635 422.242165 370.696347 323.478892 280.572201 241.888099 207.279172 176.550218 149.469445 125.779045 105.204914 87.465296 72.278259 59.367932 48.469514 39.333092 31.726368 25.436401 20.270487 16.056324 12.641590 9.893070 7.695458 5.949934 4.572611 3.492940 2.652118 2.001565 1.501488 1.119566 0.829762 0.611271 0.447600 0.325779 0.235685 0.169481 0.121139 0.086065 0.060778 0.042668 0.029778 0.020663 0.014584 0.010486 
0.011321 0.015112 0.021018 0.029778 0.042914 0.061490 0.087589 0.124031 0.174577 0.244244 0.339654 0.469490 0.645050 0.880921 1.195796 1.613442 2.163842 2.884518 3.822050 5.033785 6.589733 8.574636 11.090166 14.257213 18.218191 23.139272 29.212434 36.657194 45.721862 56.684150 69.850935 85.556987 104.162462 126.048977 151.614096 181.264121 215.405098 254.432049 298.716506 348.592515 404.341385 466.175562 534.222115 608.506408 688.936624 775.289862 867.200567 964.152033 1065.471698 1170.330865 1277.749331 1386.605295 1495.650651 1603.531620 1708.814363 1810.015036 1905.633461 1994.189400 2074.260249 2144.518807 2203.769760 2250.983447 2285.325613 2306.181923 2313.176244 2306.181923 2285.325613 2250.983447 2203.769760 2144.518807 2074.260249 1994.189400 1905.633461 1810.015036 1708.814363 1603.531620 1495.650651 1386.605295 1277.749331 1170.330865 1065.471698 964.152033 867.200567 775.289862 688.936624 608.506408 534.222115 466.175562 404.341385 348.592515 298.716506 254.432049 215.405098 181.264121 151.614096 126.048977 104.162462 85.556987 69.850935 56.684150 45.721862 36.657194 29.212434 23.139272 18.218191 14.257213 11.090166 8.574636 6.589733 5.033785 3.822050 2.884518 2.163842 1.613442 1.195796 0.880921 0.645050 0.469490 0.339654 0.244244 0.174577 0.124031 0.087589 0.061490 0.042914 0.029778 0.021018 0.015112 
0.016222 0.021653 0.030116 0.042668 0.061490 0.088108 0.125504 0.177721 0.250147 0.349970 0.486680 0.672719 0.924274 1.262247 1.713422 2.311855 3.100506 4.133142 5.476505 7.212765 9.442238 12.286349 15.890779 20.428749 26.104320 33.155595 41.857654 52.525035 65.513537 81.221083 100.087389 122.592138 149.251386 180.611942 217.243464 259.728130 308.647749 364.568341 428.022262 499.488157 579.369104 667.969512 765.471455 871.911275 987.157410 1110.890474 1242.586671 1381.505629 1526.683654 1676.933328 1830.850150 1986.826719 2143.074664 2297.654190 2448.510795 2593.518320 2730.527202 2857.416453 2972.147661 3072.819122 3157.718102 3225.369232 3274.577131 3304.461537 3314.483496 3304.461537 3274.577131 3225.369232 3157.718102 3072.819122 2972.147661 2857.416453 2730.527202 2593.518320 2448.510795 2297.654190 2143.074664 1986.826719 1830.850150 1676.933328 1526.683654 1381.505629 1242.586671 1110.890474 987.157410 871.911275 765.471455 667.969512 579.369104 499.488157 428.022262 364.568341 308.647749 259.728130 217.243464 180.611942 149.251386 122.592138 100.087389 81.221083 65.513537 52.525035 41.857654 33.155595 26.104320 20.428749 15.890779 12.286349 9.442238 7.212765 5.476505 4.133142 3.100506 2.311855 1.713422 1.262247 0.924274 0.672719 0.486680 0.349970 0.250147 0.177721 0.125504 0.088108 0.061490 0.042668 0.030116 0.021653 
0.023107 0.030844 0.042898 0.060778 0.087589 0.125504 0.178774 0.253153 0.356320 0.498512 0.693248 0.958250 1.316575 1.797999 2.440672 3.293106 4.416496 5.887427 7.800971 10.274175 13.449933 17.501208 22.635514 29.099595 37.184125 47.228266 59.623856 74.818936 93.320321 115.694831 142.568814 174.625553 212.600142 257.271477 309.451004 369.968003 439.651229 519.306943 609.693458 711.492575 825.278458 951.484719 1090.370711 1241.988202 1406.149791 1582.400529 1769.994299 1967.876482 2174.674352 2388.696499 2607.942289 2830.122074 3052.688417 3272.878193 3487.764878 3694.319880 3889.481268 4070.227815 4233.655920 4377.056712 4497.990498 4594.355699 4664.449563 4707.018205 4721.293919 4707.018205 4664.449563 4594.355699 4497.990498 4377.056712 4233.655920 4070.227815 3889.481268 3694.319880 3487.764878 3272.878193 3052.688417 2830.122074 2607.942289 2388.696499 2174.674352 1967.876482 1769.994299 1582.400529 1406.149791 1241.988202 1090.370711 951.484719 825.278458 711.492575 609.693458 519.306943 439.651229 369.968003 309.451004 257.271477 212.600142 174.625553 142.568814 115.694831 93.320321 74.818936 59.623856 47.228266 37.184125 29.099595 22.635514 17.501208 13.449933 10.274175 7.800971 5.887427 4.416496 3.293106 2.440672 1.797999 1.316575 0.958250 0.693248 0.498512 0.356320 0.253153 0.178774 0.125504 0.087589 0.060778 0.042898 0.030844 
0.032720 0.043677 0.060746 0.086065 0.124031 0.177721 0.253153 0.358478 0.504568 0.705919 0.981676 1.356932 1.864340 2.546061 3.456121 4.663212 6.253991 8.336908 11.046587 14.548774 19.045816 24.782634 32.053083 41.206563 52.654684 66.877719 84.430528 105.947564 132.146502 163.829990 201.884970 247.279004 301.053028 364.309996 438.198962 523.894228 622.569356 735.366053 863.358131 1007.511057 1168.637875 1347.352604 1544.022503 1758.720877 1991.182356 2240.762707 2506.405392 2786.617012 3079.453716 3382.520377 3692.983993 4007.602300 4322.767995 4634.568345 4938.859237 5231.352027 5507.710859 5763.657514 5995.080340 6198.143433 6369.392060 6505.850273 6605.106886 6665.386332 6685.601496 6665.386332 6605.106886 6505.850273 6369.392060 6198.143433 5995.080340 5763.657514 5507.710859 5231.352027 4938.859237 4634.568345 4322.767995 4007.602300 3692.983993 3382.520377 3079.453716 2786.617012 2506.405392 2240.762707 1991.182356 1758.720877 1544.022503 1347.352604 1168.637875 1007.511057 863.358131 735.366053 622.569356 523.894228 438.198962 364.309996 301.053028 247.279004 201.884970 163.829990 132.146502 105.947564 84.430528 66.877719 52.654684 41.206563 32.053083 24.782634 19.045816 14.548774 11.046587 8.336908 6.253991 4.663212 3.456121 2.546061 1.864340 1.356932 0.981676 0.705919 0.504568 0.358478 0.253153 0.177721 0.124031 0.086065 0.060746 0.043677 
0.046055 0.061476 0.085502 0.121139 0.174577 0.250147 0.356320 0.504568 0.710195 0.993603 1.381738 1.909922 2.624114 3.583657 4.864593 6.563609 8.802678 11.734445 15.548399 20.477831 26.807552 34.882294 45.115667 57.999463 74.113033 94.132377 118.838477 149.124345 186.000129 230.595579 284.159094 348.052547 423.741083 512.777146 616.778062 737.396694 876.284870 1035.049573 1215.202227 1418.101753 1644.892538 1896.438831 2173.257558 2475.451900 2802.648339 3153.940100 3527.840073 3922.246255 4334.422619 4760.997950 5197.984717 5640.819334 6084.424415 6523.292673 6951.591147 7363.283442 7752.266710 8112.519233 8438.253737 8724.071076 8965.108608 9157.177598 9296.884230 9381.729341 9410.182785 9381.729341 9296.884230 9157.177598 8965.108608 8724.071076 8438.253737 8112.519233 7752.266710 7363.283442 6951.591147 6523.292673 6084.424415 5640.819334 5197.984717 4760.997950 4334.422619 3922.246255 3527.840073 3153.940100 2802.648339 2475.451900 2173.257558 1896.438831 1644.892538 1418.101753 1215.202227 1035.049573 876.284870 737.396694 616.778062 512.777146 423.741083 348.052547 284.159094 230.595579 186.000129 149.124345 118.838477 94.132377 74.113033 57.999463 45.115667 34.882294 26.807552 20.477831 15.548399 11.734445 8.802678 6.563609 4.864593 3.583657 2.624114 1.909922 1.381738 0.993603 0.710195 0.504568 0.356320 0.250147 0.174577 0.121139 0.085502 0.061476 
0.064433 0.086009 0.119621 0.169481 0.244244 0.349970 0.498512 0.705919 0.993603 1.390107 1.933130 2.672090 3.671285 5.013740 6.805842 9.182863 12.315448 16.417156 21.753095 28.649651 37.505290 48.802314 63.119384 81.144547 103.688349 131.696550 166.261790 208.633442 260.224761 322.616332 397.554737 486.945312 592.837880 717.404396 862.907594 1031.659922 1225.972380 1448.093231 1700.137041 1984.005021 2301.298229 2653.225802 3040.510948 3463.298023 3921.064453 4412.541611 4935.648942 5487.445627 6064.103805 6660.906960 7272.276304 7891.827123 8512.455866 9126.457524 9725.671453 10301.652392 10845.862111 11349.875883 11805.596984 12205.471700 12542.696918 12811.412361 13006.869887 13125.573023 13165.381010 13125.573023 13006.869887 12811.412361 12542.696918 12205.471700 11805.596984 11349.875883 10845.862111 10301.652392 9725.671453 9126.457524 8512.455866 7891.827123 7272.276304 6660.906960 6064.103805 5487.445627 4935.648942 4412.541611 3921.064453 3463.298023 3040.510948 2653.225802 2301.298229 1984.005021 1700.137041 1448.093231 1225.972380 1031.659922 862.907594 717.404396 592.837880 486.945312 397.554737 322.616332 260.224761 208.633442 166.261790 131.696550 103.688349 81.144547 63.119384 48.802314 37.505290 28.649651 21.753095 16.417156 12.315448 9.182863 6.805842 5.013740 3.671285 2.672090 1.933130 1.390107 0.993603 0.705919 0.498512 0.349970 0.244244 0.169481 0.119621 0.086009 
0.089603 0.119607 0.166350 0.235685 0.339654 0.486680 0.693248 0.981676 1.381738 1.933130 2.688276 3.715900 5.105414 6.972278 9.464437 12.770003 17.126282 22.830258 30.250597 39.841183 52.156137 67.866164 87.775971 112.842378 144.192559 183.141719 231.209322 290.132788 361.877439 448.641288 552.853192 677.162778 824.420599 997.647050 1199.988765 1434.661515 1704.879054 2013.767895 2364.268624 2759.025129 3200.263900 3689.666400 4228.238348 4816.180491 5452.766120 6136.231038 6863.681955 7631.029267 8432.949821 9262.884666 10113.075753 10974.644278 11837.711800 12691.563472 13524.850822 14325.829584 15082.626203 15783.524965 16417.266289 16973.345723 17442.302626 17815.987497 18087.797407 18252.870041 18308.228387 18252.870041 18087.797407 17815.987497 17442.302626 16973.345723 16417.266289 15783.524965 15082.626203 14325.829584 13524.850822 12691.563472 11837.711800 10974.644278 10113.075753 9262.884666 8432.949821 7631.029267 6863.681955 6136.231038 5452.766120 4816.180491 4228.238348 3689.666400 3200.263900 2759.025129 2364.268624 2013.767895 1704.879054 1434.661515 1199.988765 997.647050 824.420599 677.162778 552.853192 448.641288 361.877439 290.132788 231.209322 183.141719 144.192559 112.842378 87.775971 67.866164 52.156137 39.841183 30.250597 22.830258 17.126282 12.770003 9.464437 6.972278 5.105414 3.715900 2.688276 1.933130 1.381738 0.981676 0.693248 0.486680 0.339654 0.235685 0.166350 0.119607 
0.123855 0.165328 0.229939 0.325779 0.469490 0.672719 0.958250 1.356932 1.909922 2.672090 3.715900 5.136344 7.057016 9.637509 13.082323 17.651478 23.672994 31.557378 41.814224 55.070918 72.093401 93.808760 121.329312 155.977632 199.311768 253.149678 319.591656 401.039273 500.209114 620.139410 764.187474 936.015781 1139.564542 1379.008730 1658.697816 1983.076834 2356.588033 2783.553069 3268.036599 3813.693169 4423.600367 5100.082415 5844.529480 6657.219047 7537.146612 8481.873595 9487.400717 10548.075072 11656.538676 12803.725346 13978.911431 15169.824106 16362.808787 17543.054757 18694.875465 19802.037266 20848.127809 21816.952917 22692.948911 23461.595883 24109.816778 24626.346847 25002.058987 25230.232471 25306.752170 25230.232471 25002.058987 24626.346847 24109.816778 23461.595883 22692.948911 21816.952917 20848.127809 19802.037266 18694.875465 17543.054757 16362.808787 15169.824106 13978.911431 12803.725346 11656.538676 10548.075072 9487.400717 8481.873595 7537.146612 6657.219047 5844.529480 5100.082415 4423.600367 3813.693169 3268.036599 2783.553069 2356.588033 1983.076834 1658.697816 1379.008730 1139.564542 936.015781 764.187474 620.139410 500.209114 401.039273 319.591656 253.149678 199.311768 155.977632 121.329312 93.808760 72.093401 55.070918 41.814224 31.557378 23.672994 17.651478 13.082323 9.637509 7.057016 5.136344 3.715900 2.672090 1.909922 1.356932 0.958250 0.672719 0.469490 0.325779 0.229939 0.165328 
0.170169 0.227150 0.315922 0.447600 0.645050 0.924274 1.316575 1.864340 2.624114 3.671285 5.105414 7.057016 9.695900 13.241336 17.974296 24.252030 32.525217 43.357870 57.450137 75.664008 99.051837 128.887386 166.698910 214.303541 273.841941 347.811872 439.099007 551.002954 687.256132 852.032880 1049.945937 1286.027317 1565.690621 1894.672006 2278.947370 2724.623914 3237.805010 3824.428345 4490.078506 5239.776607 6077.751066 7007.195218 8030.019064 9146.603852 10355.569458 11653.565424 13035.096988 14492.397412 16015.357285 17591.520236 19206.152637 20842.392392 22481.478953 24103.063310 25685.593139 27206.764415 28644.027452 29975.132732 31178.696598 32234.769605 33125.384690 33835.064791 34351.270019 34664.766158 34769.899439 34664.766158 34351.270019 33835.064791 33125.384690 32234.769605 31178.696598 29975.132732 28644.027452 27206.764415 25685.593139 24103.063310 22481.478953 20842.392392 19206.152637 17591.520236 16015.357285 14492.397412 13035.096988 11653.565424 10355.569458 9146.603852 8030.019064 7007.195218 6077.751066 5239.776607 4490.078506 3824.428345 3237.805010 2724.623914 2278.947370 1894.672006 1565.690621 1286.027317 1049.945937 852.032880 687.256132 551.002954 439.099007 347.811872 273.841941 214.303541 166.698910 128.887386 99.051837 75.664008 57.450137 43.357870 32.525217 24.252030 17.974296 13.241336 9.695900 7.057016 5.105414 3.671285 2.624114 1.864340 1.316575 0.924274 0.645050 0.447600 0.315922 0.227150 
0.232394 0.310210 0.431442 0.611271 0.880921 1.262247 1.797999 2.546061 3.583657 5.013740 6.972278 9.637509 13.241336 18.083208 24.546839 33.120111 44.418500 59.212258 78.457551 103.331569 135.271473 176.016791 227.654607 292.666511 373.975927 474.993958 599.661462 752.484591 938.560574 1163.590155 1433.872782 1756.280492 2138.206443 2587.484293 3112.275109 3720.919272 4421.751934 5222.881977 6131.936066 7155.771356 8300.162439 9569.470338 10966.303473 12491.182498 14142.222629 15914.848267 17801.555417 19791.737330 21871.587952 24024.096073 26229.140503 28463.693317 30702.133912 32916.672251 35077.875374 37155.283365 39118.101120 40935.942939 42579.606109 44021.846422 45238.126884 46207.311054 46912.273663 47340.403879 47483.980557 47340.403879 46912.273663 46207.311054 45238.126884 44021.846422 42579.606109 40935.942939 39118.101120 37155.283365 35077.875374 32916.672251 30702.133912 28463.693317 26229.140503 24024.096073 21871.587952 19791.737330 17801.555417 15914.848267 14142.222629 12491.182498 10966.303473 9569.470338 8300.162439 7155.771356 6131.936066 5222.881977 4421.751934 3720.919272 3112.275109 2587.484293 2138.206443 1756.280492 1433.872782 1163.590155 938.560574 752.484591 599.661462 474.993958 373.975927 292.666511 227.654607 176.016791 135.271473 103.331569 78.457551 59.212258 44.418500 33.120111 24.546839 18.083208 13.241336 9.637509 6.972278 5.013740 3.583657 2.546061 1.797999 1.262247 0.880921 0.611271 0.431442 0.310210 
0.315461 0.421091 0.585657 0.829762 1.195796 1.713422 2.440672 3.456121 4.864593 6.805842 9.464437 13.082323 17.974296 24.546839 33.320817 44.958505 60.295370 80.376983 106.501280 140.266224 183.622671 238.931924 309.027070 397.276715 507.649226 644.774964 814.003402 1021.451361 1274.038017 1579.501776 1946.393751 2384.042307 2902.483198 3512.350134 4224.721258 5050.918121 6002.255180 7089.739738 8323.724524 9713.517702 11266.957923 12989.965009 14886.079726 16956.008831 19197.193847 21603.423680 24164.512120 26866.061161 29689.329924 32611.226766 35604.438419 38637.705705 41676.250561 44682.349783 47616.049542 50436.002597 53100.405613 55568.013611 57799.184859 59756.884697 61407.909838 62723.518221 63679.792976 64260.947636 64455.894370 64260.947636 63679.792976 62723.518221 61407.909838 59756.884697 57799.184859 55568.013611 53100.405613 50436.002597 47616.049542 44682.349783 41676.250561 38637.705705 35604.438419 32611.226766 29689.329924 26866.061161 24164.512120 21603.423680 19197.193847 16956.008831 14886.079726 12989.965009 11266.957923 9713.517702 8323.724524 7089.739738 6002.255180 5050.918121 4224.721258 3512.350134 2902.483198 2384.042307 1946.393751 1579.501776 1274.038017 1021.451361 814.003402 644.774964 507.649226 397.276715 309.027070 238.931924 183.622671 140.266224 106.501280 80.376983 60.295370 44.958505 33.320817 24.546839 17.974296 13.082323 9.464437 6.805842 4.864593 3.456121 2.440672 1.713422 1.195796 0.829762 0.585657 0.421091 
0.425639 0.568162 0.790204 1.119566 1.613442 2.311855 3.293106 4.663212 6.563609 9.182863 12.770003 17.651478 24.252030 33.120111 44.958505 60.660793 81.354239 108.449592 143.698107 189.255855 247.755051 322.381713 416.958414 536.030287 684.951698 869.970215 1098.303678 1378.205282 1719.010802 2131.161378 2626.194697 3216.697165 3916.209646 4739.079793 5700.254923 6815.010773 8098.613506 9565.914856 11230.883365 13106.078182 15202.075700 17526.863307 20085.218424 22878.094653 25902.039935 29148.673882 32604.252616 36249.349480 40058.678131 44001.081692 48039.706815 52132.378590 56232.170978 60288.129945 64246.456279 68051.308771 71645.572165 74974.986185 77985.388676 80626.825525 82854.465706 84629.544340 85920.695481 86704.823867 86967.787206 86704.823867 85920.695481 84629.544340 82854.465706 80626.825525 77985.388676 74974.986185 71645.572165 68051.308771 64246.456279 60288.129945 56232.170978 52132.378590 48039.706815 44001.081692 40058.678131 36249.349480 32604.252616 29148.673882 25902.039935 22878.094653 20085.218424 17526.863307 15202.075700 13106.078182 11230.883365 9565.914856 8098.613506 6815.010773 5700.254923 4739.079793 3916.209646 3216.697165 2626.194697 2131.161378 1719.010802 1378.205282 1098.303678 869.970215 684.951698 536.030287 416.958414 322.381713 247.755051 189.255855 143.698107 108.449592 81.354239 60.660793 44.958505 33.120111 24.252030 17.651478 12.770003 9.182863 6.563609 4.663212 3.293106 2.311855 1.613442 1.119566 0.790204 0.568162 
0.570839 0.761981 1.059769 1.501488 2.163842 3.100506 4.416496 6.253991 8.802678 12.315448 17.126282 23.672994 32.525217 44.418500 60.295370 81.354239 109.106918 145.445411 192.718386 253.817421 332.272669 432.357006 559.197014 718.888326 918.611860 1166.746444 1472.972165 1848.357661 2305.423458 2858.172517 3522.078424 4314.021233 5252.161050 6355.740003 7644.804440 9139.841168 10861.324155 12829.171563 15062.117075 17577.004189 20388.017266 23505.868461 26936.964932 30682.585590 34738.100759 39092.271205 43726.664596 48615.226129 53724.045204 59011.335947 64427.614076 69916.430489 75414.796782 80853.689229 86162.284106 91265.051957 96086.290549 100551.478618 104588.829448 108131.421747 111118.986927 113499.606342 115231.214972 116282.836671 116635.505892 116282.836671 115231.214972 113499.606342 111118.986927 108131.421747 104588.829448 100551.478618 96086.290549 91265.051957 86162.284106 80853.689229 75414.796782 69916.430489 64427.614076 59011.335947 53724.045204 48615.226129 43726.664596 39092.271205 34738.100759 30682.585590 26936.964932 23505.868461 20388.017266 17577.004189 15062.117075 12829.171563 10861.324155 9139.841168 7644.804440 6355.740003 5252.161050 4314.021233 3522.078424 2858.172517 2305.423458 1848.357661 1472.972165 1166.746444 918.611860 718.888326 559.197014 432.357006 332.272669 253.817421 192.718386 145.445411 109.106918 81.354239 60.295370 44.418500 32.525217 23.672994 17.126282 12.315448 8.802678 6.253991 4.416496 3.100506 2.163842 1.501488 1.059769 0.761981 
0.760959 1.015762 1.412730 2.001565 2.884518 4.133142 5.887427 8.336908 11.734445 16.417156 22.830258 31.557378 43.357870 59.212258 80.376983 108.449592 145.445411 193.886584 256.904011 338.352323 442.937404 576.355228 745.439806 958.316945 1224.559197 1555.335992 1963.551409 2463.960538 3073.253918 3810.098253 4695.120665 5750.823179 7001.414198 8472.544513 10190.936993 12183.901655 14478.731405 17101.978225 20078.615130 23431.095410 27178.327583 31334.591530 35908.428339 40901.542853 46307.763495 52112.106658 58290.002933 64806.720584 71616.987252 78665.226049 85885.491590 93201.547528 100531.100834 107782.388408 114858.970432 121661.233757 128087.887630 134040.222074 139422.231059 144121.288950 148103.665130 151276.839628 153286.685360 154685.968792 155178.536570 154685.968792 153286.685360 151276.839628 148103.665130 144121.288950 139422.231059 134040.222074 128087.887630 121661.233757 114858.970432 107782.388408 100531.100834 93201.547528 85885.491590 78665.226049 71616.987252 64806.720584 58290.002933 52112.106658 46307.763495 40901.542853 35908.428339 31334.591530 27178.327583 23431.095410 20078.615130 17101.978225 14478.731405 12183.901655 10190.936993 8472.544513 7001.414198 5750.823179 4695.120665 3810.098253 3073.253918 2463.960538 1963.551409 1555.335992 1224.559197 958.316945 745.439806 576.355228 442.937404 338.352323 256.904011 193.886584 145.445411 108.449592 80.376983 59.212258 43.357870 31.557378 22.830258 16.417156 11.734445 8.336908 5.887427 4.133142 2.884518 2.001565 1.412730 1.015762 
1.008287 1.345908 1.871898 2.652118 3.822050 5.476505 7.800971 11.046587 15.548399 21.753095 30.250597 41.814224 57.450137 78.457551 106.501280 143.698107 192.718386 256.904011 340.403496 448.324310 586.901855 763.683422 987.724227 1269.791144 1622.568015 2060.854583 2601.749037 3264.802200 4072.129401 5048.464439 6221.138705 7619.967881 9277.028635 11226.308835 13503.216870 16143.939118 19184.639282 22660.499328 26604.609050 31046.719555 36011.885045 41519.026683 47579.461583 54195.447577 61358.809369 69049.693547 77235.473895 85870.261775 94894.095548 104232.285508 113798.794182 123493.731340 133205.468417 142788.659462 152164.135511 161176.220333 169372.281062 177243.538105 184360.632712 190580.788444 195846.361701 200042.199634 203093.740533 204947.212168 205568.788496 204947.212168 203093.740533 200042.199634 195846.361701 190580.788444 184360.632712 177243.538105 169372.281062 161176.220333 152164.135511 142788.659462 133205.468417 123493.731340 113798.794182 104232.285508 94894.095548 85870.261775 77235.473895 69049.693547 61358.809369 54195.447577 47579.461583 41519.026683 36011.885045 31046.719555 26604.609050 22660.499328 19184.639282 16143.939118 13503.216870 11226.308835 9277.028635 7619.967881 6221.138705 5048.464439 4072.129401 3264.802200 2601.749037 2060.854583 1622.568015 1269.791144 987.724227 763.683422 586.901855 448.324310 340.403496 256.904011 192.718386 143.698107 106.501280 78.457551 57.450137 41.814224 30.250597 21.753095 15.548399 11.046587 7.800971 5.476505 3.822050 2.652118 1.871898 1.345908 
1.327952 1.772611 2.465361 3.492940 5.033785 7.212765 10.274175 14.548774 20.477831 28.649651 39.841183 55.070918 75.664008 103.331569 140.266224 189.255855 253.817421 338.352323 448.324310 590.460114 772.971995 1005.800020 1300.870255 1672.363078 2136.983593 2714.223618 3426.602121 4299.868275 5363.148808 6649.019068 8193.475537 10035.786595 12218.198432 14785.474359 17784.248564 21262.179883 25266.897281 29844.736742 35039.278778 40889.706724 47429.017922 54682.132232 62663.953456 71377.459249 80811.877306 90940.985048 101722.051252 113093.944831 124977.643325 137277.427003 149850.776680 162617.481862 175406.599934 187718.104400 200043.512259 211891.059026 223058.585143 233423.871788 242796.355199 250996.761945 257931.996273 263167.924631 267183.357316 269599.890418 270417.915286 269599.890418 267183.357316 263167.924631 257931.996273 250996.761945 242796.355199 233423.871788 223058.585143 211891.059026 200043.512259 187718.104400 175406.599934 162617.481862 149850.776680 137277.427003 124977.643325 113093.944831 101722.051252 90940.985048 80811.877306 71377.459249 62663.953456 54682.132232 47429.017922 40889.706724 35039.278778 29844.736742 25266.897281 21262.179883 17784.248564 14785.474359 12218.198432 10035.786595 8193.475537 6649.019068 5363.148808 4299.868275 3426.602121 2714.223618 2136.983593 1672.363078 1300.870255 1005.800020 772.971995 590.460114 448.324310 338.352323 253.817421 189.255855 140.266224 103.331569 75.664008 55.070918 39.841183 28.649651 20.477831 14.548774 10.274175 7.212765 5.033785 3.492940 2.465361 1.772611 
1.738424 2.320527 3.227406 4.572611 6.589733 9.442238 13.449933 19.045816 26.807552 37.505290 52.156137 72.093401 99.051837 135.271473 183.622671 247.755051 332.272669 442.937404 586.901855 772.971995 1011.898501 1316.693930 1702.970704 2189.292374 2797.527608 3553.193170 4485.768665 5628.962362 7020.904095 8704.238289 10726.087977 13137.859441 15994.857216 19355.680998 23281.379660 27834.343435 33076.923453 39069.778202 45869.958984 53528.760746 62089.378978 71584.438895 82033.450704 93440.231319 105790.830841 119050.458096 133162.912799 148050.308083 163579.362933 179678.581746 196170.950898 212511.432013 229223.769550 245758.081633 261839.792496 277347.174136 291673.569174 305228.317059 317461.814589 327326.840405 336386.567585 343625.115266 337530.885133 340626.801935 342550.747728 340626.801935 337530.885133 343625.115266 336386.567585 327326.840405 317461.814589 305228.317059 291673.569174 277347.174136 261839.792496 245758.081633 229223.769550 212511.432013 196170.950898 179678.581746 163579.362933 148050.308083 133162.912799 119050.458096 105790.830841 93440.231319 82033.450704 71584.438895 62089.378978 53528.760746 45869.958984 39069.778202 33076.923453 27834.343435 23281.379660 19355.680998 15994.857216 13137.859441 10726.087977 8704.238289 7020.904095 5628.962362 4485.768665 3553.193170 2797.527608 2189.292374 1702.970704 1316.693930 1011.898501 772.971995 586.901855 442.937404 332.272669 247.755051 183.622671 135.271473 99.051837 72.093401 52.156137 37.505290 26.807552 19.045816 13.449933 9.442238 6.589733 4.572611 3.227406 2.320527 
2.262057 3.019497 4.199538 5.949934 8.574636 12.286349 17.501208 24.782634 34.882294 48.802314 67.866164 93.808760 128.887386 176.016791 238.931924 322.381713 432.357006 576.355228 763.683422 1005.800020 1316.693930 1713.297235 2215.925001 2848.732333 3640.174992 4623.455684 5836.933608 7324.470351 9135.680890 11326.054639 13956.908631 17095.133306 20812.691561 25185.833993 30293.998093 36218.366747 43040.071962 50838.043261 59686.516446 69652.235615 80791.410858 93146.491592 106742.779204 121584.983736 137655.677716 154908.731467 173242.364273 192611.073953 212852.550328 233405.915809 254813.489816 276495.684346 298210.778650 318446.473825 339373.597474 359467.513513 366372.583057 383398.223585 398809.645146 410487.072813 421578.631472 419528.368273 425928.714870 428982.983617 430298.052912 428982.983617 425928.714870 419528.368273 421578.631472 410487.072813 398809.645146 383398.223585 366372.583057 359467.513513 339373.597474 318446.473825 298210.778650 276495.684346 254813.489816 233405.915809 212852.550328 192611.073953 173242.364273 154908.731467 137655.677716 121584.983736 106742.779204 93146.491592 80791.410858 69652.235615 59686.516446 50838.043261 43040.071962 36218.366747 30293.998093 25185.833993 20812.691561 17095.133306 13956.908631 11326.054639 9135.680890 7324.470351 5836.933608 4623.455684 3640.174992 2848.732333 2215.925001 1713.297235 1316.693930 1005.800020 763.683422 576.355228 432.357006 322.381713 238.931924 176.016791 128.887386 93.808760 67.866164 48.802314 34.882294 24.782634 17.501208 12.286349 8.574636 5.949934 4.199538 3.019497 
2.925674 3.905323 5.431551 7.695458 11.090166 15.890779 22.635514 32.053083 45.115667 63.119384 87.775971 121.329312 166.698910 227.654607 309.027070 416.958414 559.197014 745.439806 987.724227 1300.870255 1702.970704 2215.925001 2866.008018 3684.461208 4708.088364 5979.832825 7549.307178 9473.240628 11815.803632 14648.764460 18051.428643 22110.310182 26918.483635 32574.569137 39181.308651 46843.701579 55666.681523 65752.333453 77196.670021 90086.019833 104493.081438 120472.660881 138057.181024 157254.240814 178038.329058 200319.121316 224067.611465 249100.968851 274830.828923 301849.870519 328543.897475 356165.792919 384179.860975 398942.924677 424176.188129 449333.244460 460146.677242 481244.598349 499663.438946 515725.391631 519546.875784 529924.270199 537997.521175 542907.370064 544553.930508 542907.370064 537997.521175 529924.270199 519546.875784 515725.391631 499663.438946 481244.598349 460146.677242 449333.244460 424176.188129 398942.924677 384179.860975 356165.792919 328543.897475 301849.870519 274830.828923 249100.968851 224067.611465 200319.121316 178038.329058 157254.240814 138057.181024 120472.660881 104493.081438 90086.019833 77196.670021 65752.333453 55666.681523 46843.701579 39181.308651 32574.569137 26918.483635 22110.310182 18051.428643 14648.764460 11815.803632 9473.240628 7549.307178 5979.832825 4708.088364 3684.461208 2866.008018 2215.925001 1702.970704 1300.870255 987.724227 745.439806 559.197014 416.958414 309.027070 227.654607 166.698910 121.329312 87.775971 63.119384 45.115667 32.053083 22.635514 15.890779 11.090166 7.695458 5.431551 3.905323 
3.761166 5.020576 6.982653 9.893070 14.257213 20.428749 29.099595 41.206563 57.999463 81.144547 112.842378 155.977632 214.303541 292.666511 397.276715 536.030287 718.888326 958.316945 1269.791144 1672.363078 2189.292374 2848.732333 3684.461208 4736.642154 6052.589117 7687.508875 9705.182005 12178.538018 15190.072689 18832.049337 23206.420974 28424.407624 34605.663383 41876.971589 50370.414485 60220.976427 71563.557166 84529.391570 99241.918097 115812.113508 134332.735235 154875.684658 177482.520296 202125.043151 228841.859994 257507.031101 287583.047036 319703.940110 352195.868299 386455.720412 421950.772734 442697.176062 477523.293620 499030.570753 530706.047553 561211.202178 589851.549365 605308.448293 628768.247337 648473.815311 662952.937222 670505.904047 670691.203025 676341.949578 679191.048028 676341.949578 670691.203025 670505.904047 662952.937222 648473.815311 628768.247337 605308.448293 589851.549365 561211.202178 530706.047553 499030.570753 477523.293620 442697.176062 421950.772734 386455.720412 352195.868299 319703.940110 287583.047036 257507.031101 228841.859994 202125.043151 177482.520296 154875.684658 134332.735235 115812.113508 99241.918097 84529.391570 71563.557166 60220.976427 50370.414485 41876.971589 34605.663383 28424.407624 23206.420974 18832.049337 15190.072689 12178.538018 9705.182005 7687.508875 6052.589117 4736.642154 3684.461208 2848.732333 2189.292374 1672.363078 1269.791144 958.316945 718.888326 536.030287 397.276715 292.666511 214.303541 155.977632 112.842378 81.144547 57.999463 41.206563 29.099595 20.428749 14.257213 9.893070 6.982653 5.020576 
4.806103 6.415406 8.922593 12.641590 18.218191 26.104320 37.184125 52.654684 74.113033 103.688349 144.192559 199.311768 273.841941 373.975927 507.649226 684.951698 918.611860 1224.559197 1622.568015 2136.983593 2797.527608 3640.174992 4708.088364 6052.589117 7734.136088 9823.273754 12401.502388 15562.012978 19410.220502 24064.021129 29653.692736 36321.354803 44219.904054 53511.347123 64364.461708 76951.733887 91445.540493 108013.580000 126813.581173 147986.693822 171653.424237 197903.671532 226752.232313 258261.718302 292398.854877 328551.309475 366293.874230 407248.672674 449617.165237 477717.714324 521277.965796 551925.817151 593122.445185 622653.257013 662165.432594 701334.011245 727103.415540 748922.734728 778233.876063 805441.922209 841543.598387 863898.741811 880704.077590 888987.454461 891394.310342 888987.454461 880704.077590 863898.741811 841543.598387 805441.922209 778233.876063 748922.734728 727103.415540 701334.011245 662165.432594 622653.257013 593122.445185 551925.817151 521277.965796 477717.714324 449617.165237 407248.672674 366293.874230 328551.309475 292398.854877 258261.718302 226752.232313 197903.671532 171653.424237 147986.693822 126813.581173 108013.580000 91445.540493 76951.733887 64364.461708 53511.347123 44219.904054 36321.354803 29653.692736 24064.021129 19410.220502 15562.012978 12401.502388 9823.273754 7734.136088 6052.589117 4708.088364 3640.174992 2797.527608 2136.983593 1622.568015 1224.559197 918.611860 684.951698 507.649226 373.975927 273.841941 199.311768 144.192559 103.688349 74.113033 52.654684 37.184125 26.104320 18.218191 12.641590 8.922593 6.415406 
6.104323 8.148329 11.332755 16.056324 23.139272 33.155595 47.228266 66.877719 94.132377 131.696550 183.141719 253.149678 347.811872 474.993958 644.774964 869.970215 1166.746444 1555.335992 2060.854583 2714.223618 3553.193170 4623.455684 5979.832825 7687.508875 9823.273754 12476.727348 15751.384710 19765.609488 24653.291258 30564.172194 37663.720711 46132.445470 56164.543518 67965.782567 81750.530399 97737.863621 116146.722890 137190.108229 161067.629323 187960.580985 218020.326033 251318.781452 287979.071322 328024.810870 370803.916641 415927.820882 464850.261175 515563.671669 552681.494845 591178.384763 633233.218996 683444.822555 736096.733361 765722.263310 815717.219077 863529.098734 910278.624541 976468.854194 1017053.294093 1053192.418269 1082546.168553 1119621.104276 1140072.230777 1151516.369259 1154725.279852 1151516.369259 1140072.230777 1119621.104276 1082546.168553 1053192.418269 1017053.294093 976468.854194 910278.624541 863529.098734 815717.219077 765722.263310 736096.733361 683444.822555 633233.218996 591178.384763 552681.494845 515563.671669 464850.261175 415927.820882 370803.916641 328024.810870 287979.071322 251318.781452 218020.326033 187960.580985 161067.629323 137190.108229 116146.722890 97737.863621 81750.530399 67965.782567 56164.543518 46132.445470 37663.720711 30564.172194 24653.291258 19765.609488 15751.384710 12476.727348 9823.273754 7687.508875 5979.832825 4623.455684 3553.193170 2714.223618 2060.854583 1555.335992 1166.746444 869.970215 644.774964 474.993958 347.811872 253.149678 183.141719 131.696550 94.132377 66.877719 47.228266 33.155595 23.139272 16.056324 11.332755 8.148329 
7.706472 10.286950 14.307164 20.270487 29.212434 41.857654 59.623856 84.430528 118.838477 166.261790 231.209322 319.591656 439.099007 599.661462 814.003402 1098.303678 1472.972165 1963.551409 2601.749037 3426.602121 4485.768665 5836.933608 7549.307178 9705.182005 12401.502388 15751.384710 19885.512711 24953.315912 31123.824713 38586.082803 47548.987644 58240.424426 70905.559388 85804.166303 103206.874835 123390.262473 146630.736292 173196.381716 203341.490046 237292.989851 275173.774706 317254.182609 363565.088361 412151.215834 466630.593269 524695.078192 568283.361730 631762.529234 679868.560768 729999.880739 790465.364457 836632.751416 904612.825559 993662.519861 1060541.818104 1123598.208555 1201937.669928 1258080.128254 1309707.352903 1355426.862152 1392872.946390 1422885.767466 1458112.947051 1471417.227239 1474817.540962 1471417.227239 1458112.947051 1422885.767466 1392872.946390 1355426.862152 1309707.352903 1258080.128254 1201937.669928 1123598.208555 1060541.818104 993662.519861 904612.825559 836632.751416 790465.364457 729999.880739 679868.560768 631762.529234 568283.361730 524695.078192 466630.593269 412151.215834 363565.088361 317254.182609 275173.774706 237292.989851 203341.490046 173196.381716 146630.736292 123390.262473 103206.874835 85804.166303 70905.559388 58240.424426 47548.987644 38586.082803 31123.824713 24953.315912 19885.512711 15751.384710 12401.502388 9705.182005 7549.307178 5836.933608 4485.768665 3426.602121 2601.749037 1963.551409 1472.972165 1098.303678 814.003402 599.661462 439.099007 319.591656 231.209322 166.261790 118.838477 84.430528 59.623856 41.857654 29.212434 20.270487 14.307164 10.286950 
