0.009110 0.011071 0.014453 0.019652 0.027248 0.038057 0.053196 0.074387 0.103452 0.143074 0.196758 0.269058 0.365836 0.494600 0.664873 0.888665 1.180995 1.560507 2.050162 2.678008 3.478034 4.491084 5.765817 7.359696 9.339966 11.784585 14.783051 18.437069 22.860988 28.181936 34.539555 42.085283 50.981064 61.397444 73.510961 87.500810 103.544734 121.814169 142.468678 165.649753 191.474126 220.026739 251.353608 285.454825 322.277981 361.712333 403.584020 447.652662 493.609629 541.078239 589.616077 638.719688 687.831387 736.348536 783.634858 829.033632 871.882135 911.528531 947.346611 978.753221 1005.223757 1026.306749 1041.636648 1050.944478 1054.065565 1050.944478 1041.636648 1026.306749 1005.223757 978.753221 947.346611 911.528531 871.882135 829.033632 783.634858 736.348536 687.831387 638.719688 589.616077 541.078239 493.609629 447.652662 403.584020 361.712333 322.277981 285.454825 251.353608 220.026739 191.474126 165.649753 142.468678 121.814169 103.544734 87.500810 73.510961 61.397444 50.981064 42.085283 34.539555 28.181936 22.860988 18.437069 14.783051 11.784585 9.339966 7.359696 5.765817 4.491084 3.478034 2.678008 2.050162 1.560507 1.180995 0.888665 0.664873 0.494600 0.365836 0.269058 0.196758 0.143074 0.103452 0.074387 0.053196 0.038057 0.027248 0.019652 0.014453 0.011071 
0.011071 0.013454 0.017565 0.023883 0.033114 0.046249 0.064646 0.090398 0.125720 0.173870 0.239111 0.326972 0.444582 0.601062 0.807987 1.079950 1.435204 1.896407 2.491459 3.254449 4.226681 5.457790 7.006909 8.943870 11.350394 14.321217 17.965103 22.405649 27.781817 34.248099 41.974196 51.144142 61.954741 74.613247 89.334199 106.335364 125.832743 148.034675 173.135068 201.305871 232.688941 267.387505 305.457484 346.898989 391.648332 439.570930 490.455500 544.009908 599.859114 657.545344 716.530978 776.204146 835.887140 894.847459 952.312155 1007.483009 1059.554972 1107.735265 1151.263195 1189.430073 1221.598398 1247.219518 1265.849077 1277.160418 1280.953319 1277.160418 1265.849077 1247.219518 1221.598398 1189.430073 1151.263195 1107.735265 1059.554972 1007.483009 952.312155 894.847459 835.887140 776.204146 716.530978 657.545344 599.859114 544.009908 490.455500 439.570930 391.648332 346.898989 305.457484 267.387505 232.688941 201.305871 173.135068 148.034675 125.832743 106.335364 89.334199 74.613247 61.954741 51.144142 41.974196 34.248099 27.781817 22.405649 17.965103 14.321217 11.350394 8.943870 7.006909 5.457790 4.226681 3.254449 2.491459 1.896407 1.435204 1.079950 0.807987 0.601062 0.444582 0.326972 0.239111 0.173870 0.125720 0.090398 0.064646 0.046249 0.033114 0.023883 0.017565 0.013454 
0.014453 0.017565 0.022930 0.031178 0.043229 0.060377 0.084395 0.118014 0.164126 0.226986 0.312157 0.426859 0.580398 0.784682 1.054821 1.409866 1.873648 2.475743 3.252579 4.248656 5.517898 7.125101 9.147463 11.676149 14.817846 18.696232 23.453295 29.250391 36.268934 44.710612 54.796969 66.768258 80.881406 97.406981 116.625064 138.819945 164.273614 193.258054 226.026410 262.803163 303.773503 349.072193 398.772239 452.873784 511.293684 573.856230 640.285617 710.200472 783.111152 858.420052 935.425314 1013.327982 1091.243629 1168.216023 1243.235713 1315.260810 1383.240344 1446.139308 1502.964664 1552.791225 1594.786709 1628.234857 1652.555764 1667.322629 1672.274230 1667.322629 1652.555764 1628.234857 1594.786709 1552.791225 1502.964664 1446.139308 1383.240344 1315.260810 1243.235713 1168.216023 1091.243629 1013.327982 935.425314 858.420052 783.111152 710.200472 640.285617 573.856230 511.293684 452.873784 398.772239 349.072193 303.773503 262.803163 226.026410 193.258054 164.273614 138.819945 116.625064 97.406981 80.881406 66.768258 54.796969 44.710612 36.268934 29.250391 23.453295 18.696232 14.817846 11.676149 9.147463 7.125101 5.517898 4.248656 3.252579 2.475743 1.873648 1.409866 1.054821 0.784682 0.580398 0.426859 0.312157 0.226986 0.164126 0.118014 0.084395 0.060377 0.043229 0.031178 0.022930 0.017565 
0.019652 0.023883 0.031178 0.042393 0.058779 0.082095 0.114752 0.160464 0.223162 0.308633 0.424440 0.580400 0.789167 1.066931 1.434239 1.916994 2.547597 3.366266 4.422529 5.776893 7.502680 9.687991 12.437795 15.876047 20.147808 25.421245 31.889419 39.771723 49.314830 60.792969 74.507377 90.784726 109.974358 132.444164 158.574970 188.753325 223.362650 262.772761 307.327859 357.333168 413.040494 474.633073 542.210170 615.771968 695.205439 780.271679 870.595643 965.658794 1064.795365 1167.192620 1271.896574 1377.820950 1483.762769 1588.422050 1690.426239 1788.358671 1880.790359 1966.314028 2043.579402 2111.328522 2168.429737 2213.909023 2246.978132 2267.056630 2273.789317 2267.056630 2246.978132 2213.909023 2168.429737 2111.328522 2043.579402 1966.314028 1880.790359 1788.358671 1690.426239 1588.422050 1483.762769 1377.820950 1271.896574 1167.192620 1064.795365 965.658794 870.595643 780.271679 695.205439 615.771968 542.210170 474.633073 413.040494 357.333168 307.327859 262.772761 223.362650 188.753325 158.574970 132.444164 109.974358 90.784726 74.507377 60.792969 49.314830 39.771723 31.889419 25.421245 20.147808 15.876047 12.437795 9.687991 7.502680 5.776893 4.422529 3.366266 2.547597 1.916994 1.434239 1.066931 0.789167 0.580400 0.424440 0.308633 0.223162 0.160464 0.114752 0.082095 0.058779 0.042393 0.031178 0.023883 
0.027248 0.033114 0.043229 0.058779 0.081498 0.113826 0.159105 0.222486 0.309418 0.427925 0.588493 0.804735 1.094193 1.479319 1.988597 2.657944 3.532286 4.667384 6.131911 8.009761 10.402593 13.432565 17.245214 22.012409 27.935279 35.246989 44.215221 55.144170 68.375849 84.290484 103.305744 125.874565 152.481315 183.636083 219.866889 261.709691 309.696108 364.338896 426.115296 495.448507 572.687661 658.086817 751.783595 853.778294 963.914151 1081.859937 1207.095648 1338.902321 1476.356665 1618.332418 1763.506231 1910.372168 2057.262302 2202.374174 2343.804701 2479.589701 2607.747691 2726.327706 2833.457456 2927.392758 3006.564559 3069.622522 3115.473403 3143.312569 3152.647554 3143.312569 3115.473403 3069.622522 3006.564559 2927.392758 2833.457456 2726.327706 2607.747691 2479.589701 2343.804701 2202.374174 2057.262302 1910.372168 1763.506231 1618.332418 1476.356665 1338.902321 1207.095648 1081.859937 963.914151 853.778294 751.783595 658.086817 572.687661 495.448507 426.115296 364.338896 309.696108 261.709691 219.866889 183.636083 152.481315 125.874565 103.305744 84.290484 68.375849 55.144170 44.215221 35.246989 27.935279 22.012409 17.245214 13.432565 10.402593 8.009761 6.131911 4.667384 3.532286 2.657944 1.988597 1.479319 1.094193 0.804735 0.588493 0.427925 0.309418 0.222486 0.159105 0.113826 0.081498 0.058779 0.043229 0.033114 
0.038057 0.046249 0.060377 0.082095 0.113826 0.158977 0.222217 0.310739 0.432155 0.597669 0.821929 1.123947 1.528225 2.066117 2.777409 3.712265 4.933431 6.518786 8.564244 11.186976 14.528968 18.760832 24.085837 30.744026 39.016308 49.228339 61.753982 77.018095 95.498357 117.725817 144.283822 175.804970 212.965766 256.478631 307.081037 365.521537 432.542627 508.860458 595.141576 691.977049 799.854485 919.128748 1049.992053 1192.444780 1346.268001 1510.999100 1685.911606 1870.001740 2061.980055 2260.273042 2463.031771 2668.154728 2873.311455 3075.984423 3273.515930 3463.163367 3642.105378 3807.721807 3957.346328 4088.542916 4199.120117 4287.243490 4350.613335 4389.489256 4402.525069 4389.489256 4350.613335 4287.243490 4199.120117 4088.542916 3957.346328 3807.721807 3642.105378 3463.163367 3273.515930 3075.984423 2873.311455 2668.154728 2463.031771 2260.273042 2061.980055 1870.001740 1685.911606 1510.999100 1346.268001 1192.444780 1049.992053 919.128748 799.854485 691.977049 595.141576 508.860458 432.542627 365.521537 307.081037 256.478631 212.965766 175.804970 144.283822 117.725817 95.498357 77.018095 61.753982 49.228339 39.016308 30.744026 24.085837 18.760832 14.528968 11.186976 8.564244 6.518786 4.933431 3.712265 2.777409 2.066117 1.528225 1.123947 0.821929 0.597669 0.432155 0.310739 0.222217 0.158977 0.113826 0.082095 0.060377 0.046249 
0.053196 0.064646 0.084395 0.114752 0.159105 0.222217 0.310613 0.434348 0.604063 0.835417 1.148886 1.571045 2.136141 2.888002 3.882242 5.188976 6.895912 9.111910 11.971035 15.637070 20.308480 26.223749 33.667000 42.973766 54.536699 68.810998 86.319246 107.655307 133.486877 164.556252 201.678828 245.738850 297.681927 358.503880 429.235538 510.923224 604.604794 711.281277 831.884366 967.240236 1118.030515 1284.751172 1467.670905 1666.790243 1881.802230 2112.061847 2356.553415 2613.873171 2882.218988 3159.391396 3442.751444 3729.467984 4016.232145 4299.524987 4575.631280 4840.716417 5090.199474 5321.663557 5530.777444 5714.136556 5868.678156 5991.767341 6081.212458 6135.552785 6153.774098 6135.552785 6081.212458 5991.767341 5868.678156 5714.136556 5530.777444 5321.663557 5090.199474 4840.716417 4575.631280 4299.524987 4016.232145 3729.467984 3442.751444 3159.391396 2882.218988 2613.873171 2356.553415 2112.061847 1881.802230 1666.790243 1467.670905 1284.751172 1118.030515 967.240236 831.884366 711.281277 604.604794 510.923224 429.235538 358.503880 297.681927 245.738850 201.678828 164.556252 133.486877 107.655307 86.319246 68.810998 54.536699 42.973766 33.667000 26.223749 20.308480 15.637070 11.971035 9.111910 6.895912 5.188976 3.882242 2.888002 2.136141 1.571045 1.148886 0.835417 0.604063 0.434348 0.310613 0.222217 0.159105 0.114752 0.084395 0.064646 
0.074387 0.090398 0.118014 0.160464 0.222486 0.310739 0.434348 0.607375 0.844697 1.168213 1.606555 2.196886 2.987093 4.038465 5.428769 7.256054 9.642964 12.741725 16.739810 21.866245 28.398556 36.670227 47.078568 60.092772 76.261909 96.222510 120.705335 150.540817 186.662637 230.108792 282.019497 343.631245 416.266339 501.317292 600.225575 714.454322 845.454832 994.626901 1163.273355 1352.549539 1563.408551 1796.542951 2052.330424 2330.770771 2631.435827 2953.421819 3295.308942 3655.074809 4030.314781 4417.897502 4814.211100 5215.144431 5616.144115 6011.527241 6397.572845 6768.208809 7118.026914 7441.701184 7734.121392 7990.466987 8206.570378 8378.690363 8503.842726 8579.831203 8605.312520 8579.831203 8503.842726 8378.690363 8206.570378 7990.466987 7734.121392 7441.701184 7118.026914 6768.208809 6397.572845 6011.527241 5616.144115 5215.144431 4814.211100 4417.897502 4030.314781 3655.074809 3295.308942 2953.421819 2631.435827 2330.770771 2052.330424 1796.542951 1563.408551 1352.549539 1163.273355 994.626901 845.454832 714.454322 600.225575 501.317292 416.266339 343.631245 282.019497 230.108792 186.662637 150.540817 120.705335 96.222510 76.261909 60.092772 47.078568 36.670227 28.398556 21.866245 16.739810 12.741725 9.642964 7.256054 5.428769 4.038465 2.987093 2.196886 1.606555 1.168213 0.844697 0.607375 0.434348 0.310739 0.222486 0.160464 0.118014 0.090398 
0.103452 0.125720 0.164126 0.223162 0.309418 0.432155 0.604063 0.844697 1.174747 1.624672 2.234289 3.055281 4.154247 5.616425 7.549965 10.091230 13.410782 17.720331 23.280596 30.410096 39.494793 50.998474 65.473692 83.572968 106.059910 133.819766 167.868824 209.361997 259.597784 320.019761 392.213662 477.899119 578.915099 697.198216 834.753174 993.614799 1175.801457 1383.259873 1617.801990 1881.033415 2174.281796 2498.510686 2854.242629 3241.478391 3659.623356 4107.354553 4582.822907 5083.238835 5605.097577 6144.122098 6695.288761 7252.046390 7809.664010 8360.531358 8897.424160 9412.885965 9899.344103 10349.428116 10756.106737 11112.697092 11413.243677 11651.975884 11826.022790 11931.746075 11967.180825 11931.746075 11826.022790 11651.975884 11413.243677 11112.697092 10756.106737 10349.428116 9899.344103 9412.885965 8897.424160 8360.531358 7809.664010 7252.046390 6695.288761 6144.122098 5605.097577 5083.238835 4582.822907 4107.354553 3659.623356 3241.478391 2854.242629 2498.510686 2174.281796 1881.033415 1617.801990 1383.259873 1175.801457 993.614799 834.753174 697.198216 578.915099 477.899119 392.213662 320.019761 259.597784 209.361997 167.868824 133.819766 106.059910 83.572968 65.473692 50.998474 39.494793 30.410096 23.280596 17.720331 13.410782 10.091230 7.549965 5.616425 4.154247 3.055281 2.234289 1.624672 1.174747 0.844697 0.604063 0.432155 0.309418 0.223162 0.164126 0.125720 
0.143074 0.173870 0.226986 0.308633 0.427925 0.597669 0.835417 1.168213 1.624672 2.246916 3.090015 4.225444 5.745311 7.767499 10.441580 13.956141 18.547073 24.507166 32.196997 42.057075 54.621183 70.530742 90.549926 115.581171 146.680547 185.072347 232.162095 289.547033 359.022980 442.586397 542.430354 660.933088 800.637895 964.223104 1154.461210 1374.166376 1626.129993 1913.043213 2237.414170 2601.463882 3007.025550 3455.433157 3947.409408 4482.886342 5061.173236 5680.467856 6338.038722 7030.113099 7751.843046 8496.430343 9258.611127 10029.620008 10800.810079 11562.664594 12305.192480 13018.012247 13690.168262 14312.691804 14875.103867 15368.247802 15783.886374 16114.878524 16355.586142 16501.736769 16550.743495 16501.736769 16355.586142 16114.878524 15783.886374 15368.247802 14875.103867 14312.691804 13690.168262 13018.012247 12305.192480 11562.664594 10800.810079 10029.620008 9258.611127 8496.430343 7751.843046 7030.113099 6338.038722 5680.467856 5061.173236 4482.886342 3947.409408 3455.433157 3007.025550 2601.463882 2237.414170 1913.043213 1626.129993 1374.166376 1154.461210 964.223104 800.637895 660.933088 542.430354 442.586397 359.022980 289.547033 232.162095 185.072347 146.680547 115.581171 90.549926 70.530742 54.621183 42.057075 32.196997 24.507166 18.547073 13.956141 10.441580 7.767499 5.745311 4.225444 3.090015 2.246916 1.624672 1.168213 0.835417 0.597669 0.427925 0.308633 0.226986 0.173870 
0.196758 0.239111 0.312157 0.424440 0.588493 0.821929 1.148886 1.606555 2.234289 3.090015 4.249465 5.810936 7.901094 10.682057 14.359520 19.192832 25.506394 33.702863 44.278108 57.837932 75.116406 96.995625 124.526503 158.950093 201.718727 254.516081 319.275072 398.192261 493.737307 608.655791 745.963673 908.931576 1101.057091 1326.023528 1587.643690 1889.787683 2236.292945 2630.864627 3076.947624 3577.597831 4135.336296 4751.997592 5428.496707 6164.984381 6960.259627 7811.929553 8716.239659 9667.998341 10659.476688 11684.563117 12732.740534 13793.136216 14853.707257 15900.720318 16921.747697 17902.086757 18827.361675 19683.485072 20456.887829 21135.078454 21706.678811 22161.942377 22492.974858 22693.966231 22761.362596 22693.966231 22492.974858 22161.942377 21706.678811 21135.078454 20456.887829 19683.485072 18827.361675 17902.086757 16921.747697 15900.720318 14853.707257 13793.136216 12732.740534 11684.563117 10659.476688 9667.998341 8716.239659 7811.929553 6960.259627 6164.984381 5428.496707 4751.997592 4135.336296 3577.597831 3076.947624 2630.864627 2236.292945 1889.787683 1587.643690 1326.023528 1101.057091 908.931576 745.963673 608.655791 493.737307 398.192261 319.275072 254.516081 201.718727 158.950093 124.526503 96.995625 75.116406 57.837932 44.278108 33.702863 25.506394 19.192832 14.359520 10.682057 7.901094 5.810936 4.249465 3.090015 2.234289 1.606555 1.148886 0.821929 0.588493 0.424440 0.312157 0.239111 
0.269058 0.326972 0.426859 0.580400 0.804735 1.123947 1.571045 2.196886 3.055281 4.225444 5.810936 7.946171 10.804360 14.607192 19.635943 26.245260 34.878749 46.087019 60.548152 79.090549 102.718018 132.636782 170.283914 217.356493 275.840511 348.038316 436.593074 544.508478 675.161661 832.307077 1020.068907 1242.919558 1505.641820 1813.272441 2171.023899 2584.190882 3058.021601 3597.579129 4207.575872 4892.190590 5654.791511 6498.035293 7423.213168 8430.326507 9517.826746 10682.445040 11917.968278 13219.333948 14576.463327 15978.233451 17411.183885 18860.462077 20310.612912 21743.281534 23139.607700 24480.588325 25722.410275 26892.914103 27950.513324 28877.991771 29659.285379 30305.196293 30459.320041 30731.421004 30822.620347 30731.421004 30459.320036 30305.196293 29659.285379 28877.991695 27950.513324 26892.914103 25722.410269 24480.588325 23139.607700 21743.281534 20310.612912 18860.462077 17411.183885 15978.233451 14576.463327 13219.333948 11917.968278 10682.445040 9517.826746 8430.326507 7423.213168 6498.035293 5654.791511 4892.190590 4207.575872 3597.579129 3058.021601 2584.190882 2171.023899 1813.272441 1505.641820 1242.919558 1020.068907 832.307077 675.161661 544.508478 436.593074 348.038316 275.840511 217.356493 170.283914 132.636782 102.718018 79.090549 60.548152 46.087019 34.878749 26.245260 19.635943 14.607192 10.804360 7.946171 5.810936 4.225444 3.055281 2.196886 1.571045 1.123947 0.804735 0.580400 0.426859 0.326972 
0.365836 0.444582 0.580398 0.789167 1.094193 1.528225 2.136141 2.987093 4.154247 5.745311 7.901094 10.804360 14.690624 19.861310 26.698873 35.685522 47.424424 62.664242 82.326956 107.538942 139.665069 180.345432 231.534010 295.538311 375.058677 473.225597 593.632967 740.364888 918.013235 1131.682909 1386.981535 1689.990220 2047.212094 2465.494114 2951.928255 3513.708931 4157.973722 4891.606857 5721.015022 6651.792900 7688.793958 8835.350119 10093.310079 11462.677043 12940.856834 14523.240535 16204.483512 17973.943074 19819.227138 21724.407557 23648.345670 25618.658299 27589.488034 29536.524919 31434.286177 33256.474935 34658.146246 36234.177331 37658.720092 38907.976655 39961.086622 40800.446903 41385.870787 41755.680457 41879.685108 41755.680457 41385.870787 40800.446903 39961.086622 38907.976655 37658.720092 36234.177331 34658.146246 33256.474935 31434.286177 29536.524919 27589.488034 25618.658299 23648.345670 21724.407557 19819.227138 17973.943074 16204.483512 14523.240535 12940.856834 11462.677043 10093.310079 8835.350119 7688.793958 6651.792900 5721.015022 4891.606857 4157.973722 3513.708931 2951.928255 2465.494114 2047.212094 1689.990220 1386.981535 1131.682909 918.013235 740.364888 593.632967 473.225597 375.058677 295.538311 231.534010 180.345432 139.665069 107.538942 82.326956 62.664242 47.424424 35.685522 26.698873 19.861310 14.690624 10.804360 7.901094 5.745311 4.154247 2.987093 2.136141 1.528225 1.094193 0.789167 0.580398 0.444582 
0.494600 0.601062 0.784682 1.066931 1.479319 2.066117 2.888002 4.038465 5.616425 7.767499 10.682057 14.607192 19.861310 26.851934 36.096126 48.245823 64.116490 84.720295 111.303733 145.389629 188.823251 243.821959 313.027479 399.559497 507.068799 639.787718 802.575097 1000.952536 1241.128113 1530.003511 1875.160083 2284.819315 2767.771647 3333.278984 3990.924307 4750.435254 5621.463131 6613.314503 7734.555429 8993.048686 10395.046342 11944.708809 13645.406995 15496.648468 17494.519992 19635.216892 21908.229793 24273.871754 26766.006556 29341.026057 31974.143431 34637.784135 37302.403156 39593.819930 42137.135378 44579.061359 46860.893997 48993.457528 50920.794162 52584.138278 54007.148135 54850.256241 55670.271185 56190.127265 56357.424387 56190.127265 55670.271185 54850.256241 54007.148135 52584.138278 50920.794162 48993.457528 46860.893997 44579.061359 42137.135378 39593.819930 37302.403156 34637.784135 31974.143431 29341.026057 26766.006556 24273.871754 21908.229793 19635.216892 17494.519992 15496.648468 13645.406995 11944.708809 10395.046342 8993.048686 7734.555429 6613.314503 5621.463131 4750.435254 3990.924307 3333.278984 2767.771647 2284.819315 1875.160083 1530.003511 1241.128113 1000.952536 802.575097 639.787718 507.068799 399.559497 313.027479 243.821959 188.823251 145.389629 111.303733 84.720295 64.116490 48.245823 36.096126 26.851934 19.861310 14.607192 10.682057 7.767499 5.616425 4.038465 2.888002 2.066117 1.479319 1.066931 0.784682 0.601062 
0.664873 0.807987 1.054821 1.434239 1.988597 2.777409 3.882242 5.428769 7.549965 10.441580 14.359520 19.635943 26.698873 36.096126 48.522773 64.855191 86.189579 113.886562 149.621758 195.442248 253.828565 327.761425 420.792012 537.114009 681.635044 860.044492 1078.873939 1345.545867 1668.405585 2056.730790 2520.712830 3071.401829 3720.619874 4480.811001 5364.860780 6385.846124 7556.737354 8889.946320 10397.307810 12088.565851 13973.184920 16056.834018 18343.018430 20830.369369 23517.504127 26366.090315 29417.949865 32631.432750 35982.773191 39444.413664 42983.686944 46167.539434 49719.066855 53227.849814 56647.848834 59931.656077 62720.696333 65545.372906 68121.689541 70380.866314 72284.696543 73778.566426 74880.648071 75549.641357 75774.006869 75549.641815 74880.615863 73778.566426 72284.696544 70380.402712 68121.689541 65545.372906 62720.657652 59931.656077 56647.848834 53227.849153 49719.066855 46167.539434 42983.686943 39444.413664 35982.773191 32631.432750 29417.949865 26366.090315 23517.504127 20830.369369 18343.018430 16056.834018 13973.184920 12088.565851 10397.307810 8889.946320 7556.737354 6385.846124 5364.860780 4480.811001 3720.619874 3071.401829 2520.712830 2056.730790 1668.405585 1345.545867 1078.873939 860.044492 681.635044 537.114009 420.792012 327.761425 253.828565 195.442248 149.621758 113.886562 86.189579 64.855191 48.522773 36.096126 26.698873 19.635943 14.359520 10.441580 7.549965 5.428769 3.882242 2.777409 1.988597 1.434239 1.054821 0.807987 
0.888665 1.079950 1.409866 1.916994 2.657944 3.712265 5.188976 7.256054 10.091230 13.956141 19.192832 26.245260 35.685522 48.245823 64.855191 86.684984 115.200374 152.219963 199.983369 261.226709 339.265441 438.083572 562.427587 717.902735 911.068516 1149.529306 1442.015176 1798.446965 2229.978951 2749.011637 3369.166704 4105.212991 4972.953124 5989.020220 7170.634865 8535.275015 10100.281630 11881.730165 13896.411314 16157.545793 18676.435053 21461.524147 24517.229741 27810.642220 31399.395006 35241.782174 39322.808181 43618.153678 48070.372912 52300.987074 56994.434718 61742.919576 66492.107829 70856.258149 75408.166966 79747.908786 83848.808670 87662.756494 91085.233160 94105.777859 96384.207175 98406.184236 99876.752127 100769.560602 101049.839084 100769.560602 99876.752127 98406.184236 96384.207175 94105.777859 91085.233160 87662.756494 83848.808670 79747.908786 75408.166966 70856.258149 66492.107829 61742.919576 56994.434718 52300.987074 48070.372912 43618.153678 39322.808181 35241.782174 31399.395006 27810.642220 24517.229741 21461.524147 18676.435053 16157.545793 13896.411314 11881.730165 10100.281630 8535.275015 7170.634865 5989.020220 4972.953124 4105.212991 3369.166704 2749.011637 2229.978951 1798.446965 1442.015176 1149.529306 911.068516 717.902735 562.427587 438.083572 339.265441 261.226709 199.983369 152.219963 115.200374 86.684984 64.855191 48.245823 35.685522 26.245260 19.192832 13.956141 10.091230 7.256054 5.188976 3.712265 2.657944 1.916994 1.409866 1.079950 
1.180995 1.435204 1.873648 2.547597 3.532286 4.933431 6.895912 9.642964 13.410782 18.547073 25.506394 34.878749 47.424424 64.116490 86.189579 115.200374 153.096023 202.293361 265.768741 347.158335 450.868236 582.193009 747.440511 954.059864 1210.768338 1527.671814 1916.372143 2390.053669 2963.539920 3653.310592 4477.465040 5455.640430 6608.827361 7959.134050 9529.444158 11342.990396 13422.087278 15790.332033 18467.758128 21472.617860 24820.212520 28520.934585 32545.064978 36961.865374 41730.318624 46838.166788 52232.031575 57938.456607 63440.921328 69543.365158 75784.056652 81743.669930 88030.770269 94216.185502 100234.553795 106043.402629 111500.723326 116269.719920 120839.206989 124846.065856 128222.781129 130891.033937 132846.168562 134033.273144 134431.644772 134033.273144 132846.168562 130891.033937 128222.781129 124846.065856 120839.206989 116269.719920 111500.723326 106043.402629 100234.553795 94216.185502 88030.770269 81743.669930 75784.056652 69543.365158 63440.921328 57938.456607 52232.031575 46838.166788 41730.318624 36961.865374 32545.064978 28520.934585 24820.212520 21472.617860 18467.758128 15790.332033 13422.087278 11342.990396 9529.444158 7959.134050 6608.827361 5455.640430 4477.465040 3653.310592 2963.539920 2390.053669 1916.372143 1527.671814 1210.768338 954.059864 747.440511 582.193009 450.868236 347.158335 265.768741 202.293361 153.096023 115.200374 86.189579 64.116490 47.424424 34.878749 25.506394 18.547073 13.410782 9.642964 6.895912 4.933431 3.532286 2.547597 1.873648 1.435204 
1.560507 1.896407 2.475743 3.366266 4.667384 6.518786 9.111910 12.741725 17.720331 24.507166 33.702863 46.087019 62.664242 84.720295 113.886562 152.219963 202.293361 267.300241 351.173406 458.717510 595.754541 769.280470 987.630183 1260.646567 1599.848198 2018.588463 2532.197468 3158.096340 3915.871101 4827.296829 5916.296758 7208.808414 8732.571514 10516.796867 12591.127764 14987.251956 17735.333391 20864.619581 24402.344968 28372.347586 32760.273769 37645.164653 43006.500501 48841.862193 55112.551549 61858.934707 68570.402455 76059.861941 83870.678082 91541.426000 99740.438710 108051.037503 116328.223206 124235.444609 132189.533197 139864.378941 146205.641658 152847.012693 158885.744703 164186.088196 168419.616447 172859.341787 164088.703671 165535.660640 166026.503192 165535.891031 164072.500867 172859.341787 168419.616764 163952.868283 158885.744703 152847.012693 146186.183046 139864.378941 132189.533197 124235.112325 116328.223206 108051.037503 99740.438162 91541.426000 83870.678082 76059.861941 68570.402455 61858.934707 55112.551549 48841.862193 43006.500501 37645.164653 32760.273769 28372.347586 24402.344968 20864.619581 17735.333391 14987.251956 12591.127764 10516.796867 8732.571514 7208.808414 5916.296758 4827.296829 3915.871101 3158.096340 2532.197468 2018.588463 1599.848198 1260.646567 987.630183 769.280470 595.754541 458.717510 351.173406 267.300241 202.293361 152.219963 113.886562 84.720295 62.664242 46.087019 33.702863 24.507166 17.720331 12.741725 9.111910 6.518786 4.667384 3.366266 2.475743 1.896407 
2.050162 2.491459 3.252579 4.422529 6.131911 8.564244 11.971035 16.739810 23.280596 32.196997 44.278108 60.548152 82.326956 111.303733 149.621758 199.983369 265.768741 351.173406 461.364196 602.653367 782.689721 1010.664418 1297.527655 1656.210810 2101.846742 2651.978850 3326.747503 4149.039069 5144.588743 6342.000905 7772.706043 9470.780589 11472.668393 13816.084895 16542.006034 19690.005727 23300.385256 27411.582409 32058.702997 37236.115607 43042.713645 49460.854097 56504.398835 64135.449795 72396.484001 80760.989612 90086.392081 99928.098441 109775.844697 120336.509863 129893.099778 140695.154200 151553.644780 162256.214212 172675.560114 182722.599124 179225.330271 187166.904519 194596.175696 201110.289232 206596.018573 199929.357603 202029.010442 204687.277014 205294.106762 204687.277014 202029.010442 199929.357603 206596.018573 201110.289232 194596.175696 187166.904519 179225.330271 182722.599124 172675.560114 162256.214212 151553.644780 140695.154200 129893.099778 120336.509863 109775.844697 99928.098441 90086.392081 80760.989612 72396.484001 64135.449795 56504.398835 49460.854097 43042.713645 37236.115607 32058.702997 27411.582409 23300.385256 19690.005727 16542.006034 13816.084895 11472.668393 9470.780589 7772.706043 6342.000905 5144.588743 4149.039069 3326.747503 2651.978850 2101.846742 1656.210810 1297.527655 1010.664418 782.689721 602.653367 461.364196 351.173406 265.768741 199.983369 149.621758 111.303733 82.326956 60.548152 44.278108 32.196997 23.280596 16.739810 11.971035 8.564244 6.131911 4.422529 3.252579 2.491459 
2.678008 3.254449 4.248656 5.776893 8.009761 11.186976 15.637070 21.866245 30.410096 42.057075 57.837932 79.090549 107.538942 145.389629 195.442248 261.226709 347.158335 458.717510 602.653367 787.211239 1022.382316 1320.172478 1694.885334 2163.412395 2745.520839 3464.126596 4345.536611 5419.649853 6720.078843 8284.189446 10153.036884 12371.132239 14985.361179 18047.206142 21607.925669 25719.972832 30435.332720 35805.374326 41834.124976 48642.684488 56227.816854 64558.291614 73753.671261 83765.389412 94033.208511 105512.637463 117300.200223 129100.878955 142397.501453 155805.443693 169763.278156 182945.260678 197084.124558 197846.218805 210618.401388 222890.792222 221696.132185 231867.463226 241057.034124 248135.539576 244276.360530 248584.460679 252311.365705 254607.680433 254640.437858 254607.680433 252311.365705 248584.460679 244276.360530 248135.539576 241057.034124 231867.463226 221696.132185 222890.792222 210618.401388 197846.218805 197084.124558 182945.260678 169763.278156 155805.443693 142397.501453 129100.878955 117300.200223 105512.637463 94033.208511 83765.389412 73753.671261 64558.291614 56227.816854 48642.684488 41834.124976 35805.374326 30435.332720 25719.972832 21607.925669 18047.206142 14985.361179 12371.132239 10153.036884 8284.189446 6720.078843 5419.649853 4345.536611 3464.126596 2745.520839 2163.412395 1694.885334 1320.172478 1022.382316 787.211239 602.653367 458.717510 347.158335 261.226709 195.442248 145.389629 107.538942 79.090549 57.837932 42.057075 30.410096 21.866245 15.637070 11.186976 8.009761 5.776893 4.248656 3.254449 
3.478034 4.226681 5.517898 7.502680 10.402593 14.528968 20.308480 28.398556 39.494793 54.621183 75.116406 102.718018 139.665069 188.823251 253.828565 339.265441 450.868236 595.754541 782.689721 1022.382316 1327.808280 1714.560120 2201.214495 2809.709094 3565.716314 4498.996638 5643.720065 7038.713353 8727.628522 10759.004457 13186.149061 16066.102680 19462.138439 23438.652333 28062.908510 33402.902946 39527.616001 46456.339011 54335.192457 63159.372685 72966.756644 83851.858506 95796.716164 108196.204767 122124.504519 135516.972026 151250.963795 167792.495913 183647.918862 201341.921275 219218.503274 223436.997317 240669.779851 244029.445527 259763.234654 274914.918805 289018.130042 288439.652810 298928.193889 308897.988475 307580.748456 313241.818414 317948.048828 320095.900601 321068.514886 320105.254817 317290.191742 313241.818414 307580.771811 299428.925155 298928.193889 288439.652814 288228.082454 274914.918805 259763.234654 244015.954320 240669.779851 223436.997317 219218.481003 201341.921275 183647.918862 167792.495909 151250.963795 135516.972026 122124.504519 108196.204767 95796.716164 83851.858506 72966.756644 63159.372685 54335.192457 46456.339011 39527.616001 33402.902946 28062.908510 23438.652333 19462.138439 16066.102680 13186.149061 10759.004457 8727.628522 7038.713353 5643.720065 4498.996638 3565.716314 2809.709094 2201.214495 1714.560120 1327.808280 1022.382316 782.689721 595.754541 450.868236 339.265441 253.828565 188.823251 139.665069 102.718018 75.116406 54.621183 39.494793 28.398556 20.308480 14.528968 10.402593 7.502680 5.517898 4.226681 
4.491084 5.457790 7.125101 9.687991 13.432565 18.760832 26.223749 36.670227 50.998474 70.530742 96.995625 132.636782 180.345432 243.821959 327.761425 438.083572 582.193009 769.280470 1010.664418 1320.172478 1714.560120 2213.961496 2842.364103 3628.095438 4604.305514 5809.423295 7287.571297 9088.885482 11269.732825 13892.787864 17026.890673 20745.718248 25130.925365 30265.729379 36236.116418 43132.381070 51041.043377 59971.702527 70143.440054 81517.772744 94229.554855 108265.263944 123654.029836 138559.046678 155998.407256 175120.940460 193899.250183 215179.494041 237385.867441 243911.828459 265891.980590 274359.292547 295545.344441 304240.766980 322917.114756 340581.231083 357284.267572 361718.362880 375235.549539 387731.337007 388721.381605 396852.431563 402207.373909 405792.541537 406990.351327 405792.541537 402207.373909 396852.431563 388721.381605 387731.337007 375235.549539 361718.362880 357284.267572 340581.231083 322917.114756 304240.766980 295545.344441 274359.292547 265891.980590 243911.828459 237385.867441 215179.494041 193899.250183 175120.940460 155998.407256 138559.046678 123654.029836 108265.263944 94229.554855 81517.772744 70143.440054 59971.702527 51041.043377 43132.381070 36236.116418 30265.729379 25130.925365 20745.718248 17026.890673 13892.787864 11269.732825 9088.885482 7287.571297 5809.423295 4604.305514 3628.095438 2842.364103 2213.961496 1714.560120 1320.172478 1010.664418 769.280470 582.193009 438.083572 327.761425 243.821959 180.345432 132.636782 96.995625 70.530742 50.998474 36.670227 26.223749 18.760832 13.432565 9.687991 7.125101 5.457790 
5.765817 7.006909 9.147463 12.437795 17.245214 24.085837 33.667000 47.078568 65.473692 90.549926 124.526503 170.283914 231.534010 313.027479 420.792012 562.427587 747.440511 987.630183 1297.527655 1694.885334 2201.214495 2842.364103 3649.130177 4657.880571 5911.172780 7458.348566 9356.046071 11668.638175 14468.489312 17836.064196 21858.709428 26634.181732 32263.982411 38855.348734 46521.336601 55375.025835 65447.477150 76998.392535 90012.742449 104642.835281 120962.423852 138970.711587 156665.502223 177463.850463 199180.201124 223245.137864 248113.668098 275360.439836 286376.174366 299509.560390 313479.654105 339470.053465 365696.995147 380509.389261 400924.979875 424202.696573 435981.539358 455830.347171 473165.732674 488827.441845 502032.641158 512561.994879 520218.070292 524866.633030 526425.365785 524866.633030 520218.070292 512561.994879 502032.641158 488827.441845 473165.732674 455830.347171 435981.539358 424202.696573 400924.979875 380509.389261 365696.995147 339470.053465 313479.654105 299509.560390 286376.174366 275360.439836 248113.668098 223245.137864 199180.201124 177463.850463 156665.502223 138970.711587 120962.423852 104642.835281 90012.742449 76998.392535 65447.477150 55375.025835 46521.336601 38855.348734 32263.982411 26634.181732 21858.709428 17836.064196 14468.489312 11668.638175 9356.046071 7458.348566 5911.172780 4657.880571 3649.130177 2842.364103 2201.214495 1694.885334 1297.527655 987.630183 747.440511 562.427587 420.792012 313.027479 231.534010 170.283914 124.526503 90.549926 65.473692 47.078568 33.667000 24.085837 17.245214 12.437795 9.147463 7.006909 
7.359696 8.943870 11.676149 15.876047 22.012409 30.744026 42.973766 60.092772 83.572968 115.581171 158.950093 217.356493 295.538311 399.559497 537.114009 717.902735 954.059864 1260.646567 1656.210810 2163.412395 2809.709094 3628.095438 4657.880571 5945.482165 7545.230860 9520.101127 11942.393105 14894.268635 18468.060184 22765.447495 27901.238752 33996.821489 41183.018927 49596.511256 59358.986491 70596.377262 83544.369929 98289.920500 114880.461546 133583.022071 153026.762627 175102.745978 200101.558303 225262.975195 254016.711110 283977.458090 299556.717897 331257.154951 349016.231323 368866.506757 391121.087837 422836.997766 454157.171196 472965.245783 495739.378286 523547.196636 548979.386133 572791.949319 593845.274113 613692.457104 607603.547890 608152.459374 599521.297014 605446.762133 606518.346083 605453.931752 599017.076825 608152.459374 607603.547249 609613.234506 593845.274113 572791.949318 547797.237091 523547.196636 495739.378286 472945.058877 454157.171196 422836.997766 391121.062751 368866.506757 349016.231323 331257.154947 299556.717897 283977.458090 254016.711110 225262.975195 200101.558303 175102.745978 153026.762627 133583.022071 114880.461546 98289.920500 83544.369929 70596.377262 59358.986491 49596.511256 41183.018927 33996.821489 27901.238752 22765.447495 18468.060184 14894.268635 11942.393105 9520.101127 7545.230860 5945.482165 4657.880571 3628.095438 2809.709094 2163.412395 1656.210810 1260.646567 954.059864 717.902735 537.114009 399.559497 295.538311 217.356493 158.950093 115.581171 83.572968 60.092772 42.973766 30.744026 22.012409 15.876047 11.676149 8.943870 
9.339966 11.350394 14.817846 20.147808 27.935279 39.016308 54.536699 76.261909 106.059910 146.680547 201.718727 275.840511 375.058677 507.068799 681.635044 911.068516 1210.768338 1599.848198 2101.846742 2745.520839 3565.716314 4604.305514 5911.172780 7545.230860 9575.423313 12081.671146 15155.728245 18901.818223 23437.190767 28891.029700 35408.720304 43144.401402 52263.094220 62916.563019 75331.754796 89596.857656 106003.741856 124657.540032 145805.430217 168014.126704 194241.399760 220924.479715 251834.230774 285686.886765 321260.498642 341521.204058 363510.809420 403221.723890 429248.666881 457181.993054 498114.883196 525955.948805 564543.031029 600288.134938 619295.000360 654605.560190 653513.593200 638268.216112 662940.051116 685088.508083 702926.881341 715310.293264 724321.940341 730806.207129 732993.476967 730806.207129 724321.940341 715310.293264 702926.881341 685088.508083 662940.051116 638268.216112 653513.593200 654605.560190 619295.000360 600288.134938 564543.031029 525955.948805 498114.883196 457181.993054 429248.666878 403221.723867 363510.809418 341521.204058 321260.498642 285686.886765 251834.230774 220924.479715 194241.399760 168014.126704 145805.430217 124657.540032 106003.741856 89596.857656 75331.754796 62916.563019 52263.094220 43144.401402 35408.720304 28891.029700 23437.190767 18901.818223 15155.728245 12081.671146 9575.423313 7545.230860 5911.172780 4604.305514 3565.716314 2745.520839 2101.846742 1599.848198 1210.768338 911.068516 681.635044 507.068799 375.058677 275.840511 201.718727 146.680547 106.059910 76.261909 54.536699 39.016308 27.935279 20.147808 14.817846 11.350394 
11.784585 14.321217 18.696232 25.421245 35.246989 49.228339 68.810998 96.222510 133.819766 185.072347 254.516081 348.038316 473.225597 639.787718 860.044492 1149.529306 1527.671814 2018.588463 2651.978850 3464.126596 4498.996638 5809.423295 7458.348566 9520.101127 12081.671146 15243.898079 19122.450954 23849.073667 29571.592064 36453.004054 44676.579478 54435.901111 65915.203723 79385.197138 95050.102144 113025.197142 133698.294362 157300.085972 182338.464742 212031.177470 243587.499664 278257.903374 316540.623618 359196.935305 384778.516053 412580.241383 444976.811181 492133.053482 528233.058524 567158.751391 612836.707576 659447.486111 700562.761573 684971.682502 713549.340212 754683.386400 804466.608789 847875.492376 882292.216324 909625.543325 955056.910431 978946.895378 998380.952569 1007211.879767 1010487.817128 1007208.739895 998601.771391 978946.895378 955056.906115 909625.543325 882292.216324 847875.492376 804466.608789 754683.386400 713549.340212 684971.682502 700562.761573 659447.486111 612836.707573 567158.750165 528233.040432 492132.821453 444976.782758 412580.240740 384778.516052 359196.935305 316540.623618 278257.903374 243587.499664 212031.177470 182338.464742 157300.085972 133698.294362 113025.197142 95050.102144 79385.197138 65915.203723 54435.901111 44676.579478 36453.004054 29571.592064 23849.073667 19122.450954 15243.898079 12081.671146 9520.101127 7458.348566 5809.423295 4498.996638 3464.126596 2651.978850 2018.588463 1527.671814 1149.529306 860.044492 639.787718 473.225597 348.038316 254.516081 185.072347 133.819766 96.222510 68.810998 49.228339 35.246989 25.421245 18.696232 14.321217 
14.783051 17.965103 23.453295 31.889419 44.215221 61.753982 86.319246 120.705335 167.868824 232.162095 319.275072 436.593074 593.632967 802.575097 1078.873939 1442.015176 1916.372143 2532.197468 3326.747503 4345.536611 5643.720065 7287.571297 9356.046071 11942.393105 15155.728245 19122.450954 23987.967379 29917.231670 37094.309566 45728.162145 56044.130389 68257.276927 82687.776527 99585.300295 119114.936883 141792.968865 167732.049263 195568.334636 228756.477199 264346.919914 304527.564522 347707.569983 396922.705120 427011.922616 462795.010105 502483.677658 543695.972607 600485.507508 641633.846678 695719.507841 743819.431808 746957.999494 771139.204835 827682.300380 922004.623189 976516.915894 1048501.024123 1104617.975693 1149095.809972 1187370.734909 1236644.571227 1266334.956901 1289234.952035 1301373.043555 1305447.966823 1301359.922307 1290157.734453 1266334.956901 1236644.553190 1200653.080466 1149095.809972 1104617.975691 1050451.032124 976516.915894 922004.623189 827715.599589 771139.204835 746957.999494 743819.478298 695719.175104 641626.409121 600312.989821 543674.957992 502483.202490 462795.009182 427011.922617 396922.705120 347707.569983 304527.564522 264346.919914 228756.477199 195568.334636 167732.049263 141792.968865 119114.936883 99585.300295 82687.776527 68257.276927 56044.130389 45728.162145 37094.309566 29917.231670 23987.967379 19122.450954 15155.728245 11942.393105 9356.046071 7287.571297 5643.720065 4345.536611 3326.747503 2532.197468 1916.372143 1442.015176 1078.873939 802.575097 593.632967 436.593074 319.275072 232.162095 167.868824 120.705335 86.319246 61.753982 44.215221 31.889419 23.453295 17.965103 
