0.005839 0.007332 0.009803 0.013549 0.019005 0.026774 0.037861 0.053239 0.074436 0.103472 0.142999 0.196476 0.268374 0.364440 0.491997 0.660309 0.881009 1.168581 1.540926 2.019980 2.632409 3.410350 4.392201 5.623433 7.157404 9.056131 11.390993 14.243303 17.704708 21.877333 26.873622 32.815799 39.834875 48.069148 57.662133 68.759885 81.507700 96.046185 112.506745 131.006534 151.642993 174.488099 199.582500 226.929754 256.490894 288.179582 321.858124 357.334588 394.361296 432.634890 471.798151 511.443681 551.119502 590.336514 628.577720 665.308990 699.991092 732.092613 761.103366 786.547799 807.997933 825.085321 837.511579 845.057059 847.587307 845.057059 837.511579 825.085321 807.997933 786.547799 761.103366 732.092613 699.991092 665.308990 628.577720 590.336514 551.119502 511.443681 471.798151 432.634890 394.361296 357.334588 321.858124 288.179582 256.490894 226.929754 199.582500 174.488099 151.642993 131.006534 112.506745 96.046185 81.507700 68.759885 57.662133 48.069148 39.834875 32.815799 26.873622 21.877333 17.704708 14.243303 11.390993 9.056131 7.157404 5.623433 4.392201 3.410350 2.632409 2.019980 1.540926 1.168581 0.881009 0.660309 0.491997 0.364440 0.268374 0.196476 0.142999 0.103472 0.074436 0.053239 0.037861 0.026774 0.019005 0.013549 0.009803 0.007332 
0.007332 0.009207 0.012309 0.017014 0.023864 0.033620 0.047541 0.066852 0.093469 0.129929 0.179562 0.246713 0.336995 0.457624 0.617795 0.829144 1.106274 1.467376 1.934925 2.536469 3.305490 4.282342 5.515242 7.061288 8.987480 11.371692 14.303554 17.885171 22.231622 27.471145 33.744935 41.206466 50.020249 60.359942 72.405755 86.341090 102.348392 120.604221 141.273579 164.503576 190.416568 219.102936 250.613722 284.953392 322.073015 361.864179 404.153983 448.701419 495.195481 543.255245 592.432154 642.214645 692.035171 741.279575 789.298669 835.421753 878.971717 919.281271 955.709779 987.660096 1014.594812 1036.051271 1051.654798 1061.129580 1064.306788 1061.129580 1051.654798 1036.051271 1014.594812 987.660096 955.709779 919.281271 878.971717 835.421753 789.298669 741.279575 692.035171 642.214645 592.432154 543.255245 495.195481 448.701419 404.153983 361.864179 322.073015 284.953392 250.613722 219.102936 190.416568 164.503576 141.273579 120.604221 102.348392 86.341090 72.405755 60.359942 50.020249 41.206466 33.744935 27.471145 22.231622 17.885171 14.303554 11.371692 8.987480 7.061288 5.515242 4.282342 3.305490 2.536469 1.934925 1.467376 1.106274 0.829144 0.617795 0.457624 0.336995 0.246713 0.179562 0.129929 0.093469 0.066852 0.047541 0.033620 0.023864 0.017014 0.012309 0.009207 
0.009803 0.012309 0.016457 0.022747 0.031905 0.044949 0.063562 0.089380 0.124966 0.173713 0.240071 0.329851 0.450557 0.611835 0.825982 1.108551 1.479069 1.961857 2.586963 3.391217 4.419384 5.725419 7.373786 9.440824 12.016110 15.203762 19.123613 23.912175 29.723308 36.728462 45.116414 55.092356 66.876237 80.700234 96.805285 115.436594 136.838089 161.245828 188.880414 219.938532 254.583769 292.936964 335.066357 380.977922 430.606237 483.806360 540.347120 599.906298 662.068081 726.323182 792.071888 858.630246 925.239457 991.078402 1055.279129 1116.944921 1175.170494 1229.063695 1277.768001 1320.485041 1356.496305 1385.183233 1406.044888 1418.712513 1422.960387 1418.712513 1406.044888 1385.183233 1356.496305 1320.485041 1277.768001 1229.063695 1175.170494 1116.944921 1055.279129 991.078402 925.239457 858.630246 792.071888 726.323182 662.068081 599.906298 540.347120 483.806360 430.606237 380.977922 335.066357 292.936964 254.583769 219.938532 188.880414 161.245828 136.838089 115.436594 96.805285 80.700234 66.876237 55.092356 45.116414 36.728462 29.723308 23.912175 19.123613 15.203762 12.016110 9.440824 7.373786 5.725419 4.419384 3.391217 2.586963 1.961857 1.479069 1.108551 0.825982 0.611835 0.450557 0.329851 0.240071 0.173713 0.124966 0.089380 0.063562 0.044949 0.031905 0.022747 0.016457 0.012309 
0.013549 0.017014 0.022747 0.031441 0.044100 0.062128 0.087855 0.123540 0.172728 0.240105 0.331825 0.455918 0.622757 0.845675 1.141667 1.532232 2.044360 2.711666 3.575683 4.687318 6.108445 7.913639 10.192001 13.049048 16.608592 21.014545 26.432537 33.051259 41.083369 50.765849 62.359623 76.148309 92.435915 111.543356 133.803657 159.555736 189.136748 222.872971 261.069322 303.997657 351.884087 404.895631 463.126615 526.585291 595.181237 668.714112 746.864396 829.186717 915.106344 1003.919341 1094.796789 1186.793334 1278.860166 1369.862343 1458.600184 1543.834255 1624.313277 1698.804110 1766.122896 1825.166121 1874.940664 1914.591556 1943.426283 1960.935395 1966.806779 1960.935395 1943.426283 1914.591556 1874.940664 1825.166121 1766.122896 1698.804110 1624.313277 1543.834255 1458.600184 1369.862343 1278.860166 1186.793334 1094.796789 1003.919341 915.106344 829.186717 746.864396 668.714112 595.181237 526.585291 463.126615 404.895631 351.884087 303.997657 261.069322 222.872971 189.136748 159.555736 133.803657 111.543356 92.435915 76.148309 62.359623 50.765849 41.083369 33.051259 26.432537 21.014545 16.608592 13.049048 10.192001 7.913639 6.108445 4.687318 3.575683 2.711666 2.044360 1.532232 1.141667 0.845675 0.622757 0.455918 0.331825 0.240105 0.172728 0.123540 0.087855 0.062128 0.044100 0.031441 0.022747 0.017014 
0.019005 0.023864 0.031905 0.044100 0.061854 0.087141 0.123225 0.173277 0.242268 0.336770 0.465417 0.639470 0.873478 1.186142 1.601300 2.149107 2.867418 3.803380 5.015250 6.574428 8.567700 11.099662 14.295290 18.302582 23.295195 29.474980 37.074251 46.357663 57.623494 71.204130 87.465547 106.805544 129.650524 156.450603 187.672879 223.792720 265.283019 312.601412 366.175577 426.386818 493.552279 567.906219 649.580939 738.588017 834.800624 937.937763 1047.551275 1163.016483 1283.527269 1408.096292 1535.560912 1664.595166 1793.728014 1921.367579 2045.831188 2165.380413 2278.260071 2382.740849 2477.162107 2559.976071 2629.789793 2685.404081 2725.847807 2750.406070 2758.641267 2750.406070 2725.847807 2685.404081 2629.789793 2559.976071 2477.162107 2382.740849 2278.260071 2165.380413 2045.831188 1921.367579 1793.728014 1664.595166 1535.560912 1408.096292 1283.527269 1163.016483 1047.551275 937.937763 834.800624 738.588017 649.580939 567.906219 493.552279 426.386818 366.175577 312.601412 265.283019 223.792720 187.672879 156.450603 129.650524 106.805544 87.465547 71.204130 57.623494 46.357663 37.074251 29.474980 23.295195 18.302582 14.295290 11.099662 8.567700 6.574428 5.015250 3.803380 2.867418 2.149107 1.601300 1.186142 0.873478 0.639470 0.465417 0.336770 0.242268 0.173277 0.123225 0.087141 0.061854 0.044100 0.031905 0.023864 
0.026774 0.033620 0.044949 0.062128 0.087141 0.122766 0.173602 0.244116 0.341311 0.474448 0.655688 0.900896 1.230572 1.671059 2.255941 3.027702 4.039671 5.358271 7.065576 9.262174 12.070331 15.637406 20.139466 25.785011 32.818696 41.524889 52.230880 65.309521 81.181028 100.313676 123.223057 150.469597 182.654021 220.410461 264.396971 315.283262 373.735551 440.398566 515.874826 600.701520 695.325444 800.076630 915.141465 1040.536258 1176.082332 1321.383813 1475.809327 1638.478816 1808.256595 1983.751704 2163.326182 2345.112005 2527.036716 2706.857512 2882.204103 3050.627220 3209.654326 3356.848751 3489.871129 3606.540951 3704.895795 3783.246232 3840.224091 3874.822219 3886.424115 3874.822219 3840.224091 3783.246232 3704.895795 3606.540951 3489.871129 3356.848751 3209.654326 3050.627220 2882.204103 2706.857512 2527.036716 2345.112005 2163.326182 1983.751704 1808.256595 1638.478816 1475.809327 1321.383813 1176.082332 1040.536258 915.141465 800.076630 695.325444 600.701520 515.874826 440.398566 373.735551 315.283262 264.396971 220.410461 182.654021 150.469597 123.223057 100.313676 81.181028 65.309521 52.230880 41.524889 32.818696 25.785011 20.139466 15.637406 12.070331 9.262174 7.065576 5.358271 4.039671 3.027702 2.255941 1.671059 1.230572 0.900896 0.655688 0.474448 0.341311 0.244116 0.173602 0.122766 0.087141 0.062128 0.044949 0.033620 
0.037861 0.047541 0.063562 0.087855 0.123225 0.173602 0.245489 0.345203 0.482645 0.670913 0.927203 1.273950 1.740140 2.363030 3.190107 4.281446 5.712462 7.577083 9.991368 13.097558 17.068549 22.112718 28.479040 36.462355 46.408627 58.719978 73.859225 92.353614 114.797372 141.852680 174.248632 212.777724 258.289432 311.680479 373.881414 445.839266 528.496130 622.763709 729.494019 849.446695 983.253548 1131.381271 1294.093434 1471.413099 1663.087601 1868.557138 2086.928875 2316.958357 2557.039624 2805.205703 3059.140381 3316.201940 3573.460048 3827.743239 4075.699301 4313.864939 4538.743749 4746.890080 4934.995863 5099.977625 5239.060339 5349.854998 5430.426884 5479.351790 5495.757929 5479.351790 5430.426884 5349.854998 5239.060339 5099.977625 4934.995863 4746.890080 4538.743749 4313.864939 4075.699301 3827.743239 3573.460048 3316.201940 3059.140381 2805.205703 2557.039624 2316.958357 2086.928875 1868.557138 1663.087601 1471.413099 1294.093434 1131.381271 983.253548 849.446695 729.494019 622.763709 528.496130 445.839266 373.881414 311.680479 258.289432 212.777724 174.248632 141.852680 114.797372 92.353614 73.859225 58.719978 46.408627 36.462355 28.479040 22.112718 17.068549 13.097558 9.991368 7.577083 5.712462 4.281446 3.190107 2.363030 1.740140 1.273950 0.927203 0.670913 0.482645 0.345203 0.245489 0.173602 0.123225 0.087855 0.063562 0.047541 
0.053239 0.066852 0.089380 0.123540 0.173277 0.244116 0.345203 0.485419 0.678688 0.943427 1.303818 1.791407 2.446957 3.322854 4.485876 6.020500 8.032772 10.654772 14.049700 18.417575 24.001517 31.094546 40.046766 51.272774 65.259062 82.571084 103.859649 129.866160 161.426210 199.470948 245.025612 299.204598 363.202427 438.280055 525.746004 626.931973 743.162721 875.720268 1025.802705 1194.478220 1382.635255 1590.930067 1819.733282 2069.077331 2338.606906 2627.534848 2934.605674 3258.069416 3595.667816 3944.634775 4301.713602 4663.189626 5024.941823 5382.510741 5731.182539 6066.087212 6382.308180 6675.000181 6939.511496 7171.506186 7367.082052 7522.879590 7636.178473 7704.975886 7728.045942 7704.975886 7636.178473 7522.879590 7367.082052 7171.506186 6939.511496 6675.000181 6382.308180 6066.087212 5731.182539 5382.510741 5024.941823 4663.189626 4301.713602 3944.634775 3595.667816 3258.069416 2934.605674 2627.534848 2338.606906 2069.077331 1819.733282 1590.930067 1382.635255 1194.478220 1025.802705 875.720268 743.162721 626.931973 525.746004 438.280055 363.202427 299.204598 245.025612 199.470948 161.426210 129.866160 103.859649 82.571084 65.259062 51.272774 40.046766 31.094546 24.001517 18.417575 14.049700 10.654772 8.032772 6.020500 4.485876 3.322854 2.446957 1.791407 1.303818 0.943427 0.678688 0.485419 0.345203 0.244116 0.173277 0.123540 0.089380 0.066852 
0.074436 0.093469 0.124966 0.172728 0.242268 0.341311 0.482645 0.678688 0.948907 1.319053 1.822933 2.504656 3.421213 4.645849 6.271928 8.417562 11.231020 14.896969 19.643587 25.750531 33.557720 43.474838 55.991383 71.687026 91.241952 115.446755 145.211361 181.572363 225.698044 278.890292 342.582542 418.332887 507.811448 612.781228 735.071739 876.544894 1039.052906 1224.388230 1434.225979 1670.059639 1933.131384 2224.358761 2544.259960 2892.880308 3269.723082 3673.687664 4103.018718 4555.269523 5027.282508 5515.190858 6014.440598 6519.838276 7025.621194 7525.556130 8013.051595 8481.298546 8923.422750 9332.598622 9702.424614 10026.787808 10300.232341 10518.061308 10675.853844 10772.036792 10804.290114 10772.036792 10675.853844 10518.061308 10300.232341 10026.787808 9702.424614 9332.598622 8923.422750 8481.298546 8013.051595 7525.556130 7025.621194 6519.838276 6014.440598 5515.190858 5027.282508 4555.269523 4103.018718 3673.687664 3269.723082 2892.880308 2544.259960 2224.358761 1933.131384 1670.059639 1434.225979 1224.388230 1039.052906 876.544894 735.071739 612.781228 507.811448 418.332887 342.582542 278.890292 225.698044 181.572363 145.211361 115.446755 91.241952 71.687026 55.991383 43.474838 33.557720 25.750531 19.643587 14.896969 11.231020 8.417562 6.271928 4.645849 3.421213 2.504656 1.822933 1.319053 0.948907 0.678688 0.482645 0.341311 0.242268 0.172728 0.124966 0.093469 
0.103472 0.129929 0.173713 0.240105 0.336770 0.474448 0.670913 0.943427 1.319053 1.833582 2.534014 3.481660 4.755744 6.458079 8.718451 11.701045 15.611963 20.707908 27.306064 35.795175 46.647755 60.433295 77.832234 99.650358 126.833177 160.479674 201.854714 252.399243 313.737259 387.678484 476.215503 581.514181 705.896111 851.812002 1021.805011 1218.463338 1444.361698 1701.991740 1993.681996 2321.508523 2687.198038 3092.025981 3536.712709 4021.321237 4545.161040 5106.702195 5703.503514 6332.166089 6988.299852 7666.529116 8360.523782 9063.008750 9766.083666 10461.028357 11138.681645 11789.578372 12403.450189 12972.272538 13486.328364 13937.191146 14317.277288 14620.002322 14840.187990 14973.890173 15018.724618 14973.890173 14840.187990 14620.002322 14317.277288 13937.191146 13486.328364 12972.272538 12403.450189 11789.578372 11138.681645 10461.028357 9766.083666 9063.008750 8360.523782 7666.529116 6988.299852 6332.166089 5703.503514 5106.702195 4545.161040 4021.321237 3536.712709 3092.025981 2687.198038 2321.508523 1993.681996 1701.991740 1444.361698 1218.463338 1021.805011 851.812002 705.896111 581.514181 476.215503 387.678484 313.737259 252.399243 201.854714 160.479674 126.833177 99.650358 77.832234 60.433295 46.647755 35.795175 27.306064 20.707908 15.611963 11.701045 8.718451 6.458079 4.755744 3.481660 2.534014 1.833582 1.319053 0.943427 0.670913 0.474448 0.336770 0.240105 0.173713 0.129929 
0.142999 0.179562 0.240071 0.331825 0.465417 0.655688 0.927203 1.303818 1.822933 2.534014 3.502012 4.811661 6.572446 8.925076 12.048915 16.170864 21.575760 28.618365 37.737028 49.468994 64.467278 83.518919 107.564282 137.716968 175.283671 221.783188 278.963566 348.816191 433.585437 535.772338 658.130652 803.653607 975.549651 1177.205665 1412.136298 1683.918448 1996.110374 2352.155540 2755.271978 3208.328807 3713.712334 4273.185276 4887.743106 5557.471923 6281.419374 7057.469945 7882.251894 8751.064660 9657.783007 10595.093102 11554.191127 12525.099960 13496.750995 14456.403835 15392.871630 16292.363700 17141.675087 17927.792338 18638.162093 19261.254214 19786.532547 20204.974457 20509.273022 20694.048386 20756.009990 20694.048386 20509.273022 20204.974457 19786.532547 19261.254214 18638.162093 17927.792338 17141.675087 16292.363700 15392.871630 14456.403835 13496.750995 12525.099960 11554.191127 10595.093102 9657.783007 8751.064660 7882.251894 7057.469945 6281.419374 5557.471923 4887.743106 4273.185276 3713.712334 3208.328807 2755.271978 2352.155540 1996.110374 1683.918448 1412.136298 1177.205665 975.549651 803.653607 658.130652 535.772338 433.585437 348.816191 278.963566 221.783188 175.283671 137.716968 107.564282 83.518919 64.467278 49.468994 37.737028 28.618365 21.575760 16.170864 12.048915 8.925076 6.572446 4.811661 3.502012 2.534014 1.822933 1.303818 0.927203 0.655688 0.465417 0.331825 0.240071 0.179562 
0.196476 0.246713 0.329851 0.455918 0.639470 0.900896 1.273950 1.791407 2.504656 3.481660 4.811661 6.611079 9.030346 12.262791 16.554852 22.218288 29.644454 39.320785 51.849558 67.968931 88.576129 114.752518 147.790135 189.219032 240.834568 304.723525 383.287669 479.263106 595.733536 736.135308 904.252006 1104.196231 1340.376299 1617.445684 1940.233409 2313.654026 2742.596475 3231.791977 3785.662016 4408.148649 5102.530653 5871.228787 6715.612939 7635.801780 8630.483886 9696.754627 10829.915403 12023.633246 13269.514240 14557.350793 15875.123476 17208.291100 18543.245154 19862.761266 21149.446049 22385.327045 23552.195742 24632.245941 25608.353606 26464.467712 27186.188925 27760.473274 28178.563274 28432.436709 28517.617884 28432.436709 28178.563274 27760.473274 27186.188925 26464.467712 25608.353606 24632.245941 23552.195742 22385.327045 21149.446049 19862.761266 18543.245154 17208.291100 15875.123476 14557.350793 13269.514240 12023.633246 10829.915403 9696.754627 8630.483886 7635.801780 6715.612939 5871.228787 5102.530653 4408.148649 3785.662016 3231.791977 2742.596475 2313.654026 1940.233409 1617.445684 1340.376299 1104.196231 904.252006 736.135308 595.733536 479.263106 383.287669 304.723525 240.834568 189.219032 147.790135 114.752518 88.576129 67.968931 51.849558 39.320785 29.644454 22.218288 16.554852 12.262791 9.030346 6.611079 4.811661 3.481660 2.504656 1.791407 1.273950 0.900896 0.639470 0.455918 0.329851 0.246713 
0.268374 0.336995 0.450557 0.622757 0.873478 1.230572 1.740140 2.446957 3.421213 4.755744 6.572446 9.030346 12.334923 16.750253 22.612957 30.348878 40.492586 53.709885 70.823454 92.841573 120.989797 156.745209 201.872655 258.462098 328.965893 416.234461 523.548474 654.645292 813.737068 1005.517653 1235.155201 1508.267285 1830.875405 2209.335933 2650.245031 3160.315690 3746.225918 4414.438281 5170.992246 6021.271329 6969.756309 8019.754269 9173.133504 10430.057242 11788.665868 13245.122795 14793.036515 16423.585646 18125.385400 19883.612690 21683.531714 23505.615865 25329.036296 27131.424368 28888.896549 30577.036413 32170.313237 33645.641835 34978.924624 36148.304862 37134.064638 37919.368871 38490.456367 38837.232459 38953.517166 38837.232459 38490.456367 37919.368871 37134.064638 36148.304862 34978.924624 33645.641835 32170.313237 30577.036413 28888.896549 27131.424368 25329.036296 23505.615865 21683.531714 19883.612690 18125.385400 16423.585646 14793.036515 13245.122795 11788.665868 10430.057242 9173.133504 8019.754269 6969.756309 6021.271329 5170.992246 4414.438281 3746.225918 3160.315690 2650.245031 2209.335933 1830.875405 1508.267285 1235.155201 1005.517653 813.737068 654.645292 523.548474 416.234461 328.965893 258.462098 201.872655 156.745209 120.989797 92.841573 70.823454 53.709885 40.492586 30.348878 22.612957 16.750253 12.334923 9.030346 6.572446 4.755744 3.421213 2.446957 1.740140 1.230572 0.873478 0.622757 0.450557 0.336995 
0.364440 0.457624 0.611835 0.845675 1.186142 1.671059 2.363030 3.322854 4.645849 6.458079 8.925076 12.262791 16.750253 22.746065 30.707345 41.212367 54.987051 72.935530 96.174962 126.074545 164.298525 212.852714 274.133690 350.979526 446.720404 565.227067 710.954512 888.977901 1105.017144 1365.446272 1677.283396 2048.156923 2486.243766 3000.175583 3598.909663 4291.561928 5087.200806 5994.602159 7021.965979 8176.606939 9464.605503 10890.453977 12456.689407 14163.454997 16008.468453 17986.268950 20088.264387 22302.474342 24612.438241 27001.068941 29445.281306 31919.593190 34395.401496 36842.168785 39228.780939 41521.161524 43685.657246 45666.077010 47476.403764 49064.302804 50403.064244 51469.691453 51970.023504 52438.186307 52595.176666 52438.186307 51970.023504 51469.691453 50403.064244 49064.302804 47476.403764 45666.077010 43685.657246 41521.161524 39228.780939 36842.168785 34395.401496 31919.593190 29445.281306 27001.068941 24612.438241 22302.474342 20088.264387 17986.268950 16008.468453 14163.454997 12456.689407 10890.453977 9464.605503 8176.606939 7021.965979 5994.602159 5087.200806 4291.561928 3598.909663 3000.175583 2486.243766 2048.156923 1677.283396 1365.446272 1105.017144 888.977901 710.954512 565.227067 446.720404 350.979526 274.133690 212.852714 164.298525 126.074545 96.174962 72.935530 54.987051 41.212367 30.707345 22.746065 16.750253 12.262791 8.925076 6.458079 4.645849 3.322854 2.363030 1.671059 1.186142 0.845675 0.611835 0.457624 
0.491997 0.617795 0.825982 1.141667 1.601300 2.255941 3.190107 4.485876 6.271928 8.718451 12.048915 16.554852 22.612957 30.707345 41.455127 55.636980 74.232898 98.463469 129.836862 170.201505 221.804143 287.352633 370.082374 473.824782 603.075629 763.060442 959.793499 1200.126303 1491.780773 1843.361894 2264.344164 2765.025982 3356.446244 4050.257748 4858.552889 5793.638229 6867.754865 8092.752779 9479.702694 11038.475973 12777.282941 14702.108258 16816.527642 19120.768800 21611.550459 24281.596845 27117.872232 30106.873672 33226.554346 36451.294634 39750.997156 43065.577059 46407.235882 49710.353109 52931.386748 56025.296340 58628.462540 61317.728698 63748.238160 65880.106074 67676.909677 69083.997756 70124.463287 70756.623976 70968.480331 70756.623976 70124.463287 69083.997756 67676.909677 65880.106074 63748.238160 61317.728698 58628.462540 56025.296340 52931.386748 49710.353109 46407.235882 43065.577059 39750.997156 36451.294634 33226.554346 30106.873672 27117.872232 24281.596845 21611.550459 19120.768800 16816.527642 14702.108258 12777.282941 11038.475973 9479.702694 8092.752779 6867.754865 5793.638229 4858.552889 4050.257748 3356.446244 2765.025982 2264.344164 1843.361894 1491.780773 1200.126303 959.793499 763.060442 603.075629 473.824782 370.082374 287.352633 221.804143 170.201505 129.836862 98.463469 74.232898 55.636980 41.455127 30.707345 22.612957 16.554852 12.048915 8.718451 6.271928 4.485876 3.190107 2.255941 1.601300 1.141667 0.825982 0.617795 
0.660309 0.829144 1.108551 1.532232 2.149107 3.027702 4.281446 6.020500 8.417562 11.701045 16.170864 22.218288 30.348878 41.212367 55.636980 74.670463 99.628069 132.147949 174.254221 228.427661 297.683628 385.656341 496.688034 635.920855 809.388584 1024.104408 1288.140100 1610.691067 2002.120909 2473.978387 3038.979234 3710.944954 4504.690855 5435.856174 6520.670130 7775.647898 9217.222825 10861.294157 12722.720674 14814.752282 17148.319952 19731.725775 22569.492042 25661.568859 29004.421210 32586.681462 36395.009587 40406.648694 44566.953056 48892.330318 53319.024382 57800.425530 62285.374497 66377.728012 70678.178342 74808.994112 78709.492197 82296.195013 85532.287341 88392.467052 90804.101432 92434.674914 93827.424699 94672.958970 94978.724345 94672.958970 93827.424699 92434.674909 90804.101432 88392.466976 85532.287341 82296.195007 78709.492197 74808.994112 70678.178342 66377.728012 62285.374497 57800.425530 53319.024382 48892.330318 44566.953056 40406.648694 36395.009587 32586.681462 29004.421210 25661.568859 22569.492042 19731.725775 17148.319952 14814.752282 12722.720674 10861.294157 9217.222825 7775.647898 6520.670130 5435.856174 4504.690855 3710.944954 3038.979234 2473.978387 2002.120909 1610.691067 1288.140100 1024.104408 809.388584 635.920855 496.688034 385.656341 297.683628 228.427661 174.254221 132.147949 99.628069 74.670463 55.636980 41.212367 30.348878 22.218288 16.170864 11.701045 8.417562 6.020500 4.281446 3.027702 2.149107 1.532232 1.108551 0.829144 
0.881009 1.106274 1.479069 2.044360 2.867418 4.039671 5.712462 8.032772 11.231020 15.611963 21.575760 29.644454 40.492586 54.987051 74.232898 99.628069 132.927420 176.316636 232.496368 304.776556 397.180406 514.556823 662.699376 848.468908 1079.915909 1366.397630 1718.683726 2149.043047 2671.303086 3300.872622 4054.717461 4951.278749 6010.323617 7252.718509 8700.115434 10374.554530 12297.955794 14491.535970 16975.120437 19766.290520 22879.925183 26326.310201 30112.524133 34238.650180 38697.515979 43478.522563 48530.647877 53880.834260 59463.598293 65235.690105 71142.129096 76749.597714 82678.706391 88562.927116 94301.539727 99813.822690 104679.077926 109480.272521 113819.331547 117625.132150 120810.585070 123365.019858 125222.987050 126351.192807 126729.163700 126351.192807 125222.987050 123365.019858 120810.585070 117625.132150 113819.331547 109480.272521 104679.077926 99813.822690 94301.539727 88562.927116 82678.706391 76749.597714 71142.129096 65235.690105 59463.598293 53880.834260 48530.647877 43478.522563 38697.515979 34238.650180 30112.524133 26326.310201 22879.925183 19766.290520 16975.120437 14491.535970 12297.955794 10374.554530 8700.115434 7252.718509 6010.323617 4951.278749 4054.717461 3300.872622 2671.303086 2149.043047 1718.683726 1366.397630 1079.915909 848.468908 662.699376 514.556823 397.180406 304.776556 232.496368 176.316636 132.927420 99.628069 74.232898 54.987051 40.492586 29.644454 21.575760 15.611963 11.231020 8.032772 5.712462 4.039671 2.867418 2.044360 1.479069 1.106274 
1.168581 1.467376 1.961857 2.711666 3.803380 5.358271 7.577083 10.654772 14.896969 20.707908 28.618365 39.320785 53.709885 72.935530 98.463469 132.147949 176.316636 233.868650 308.386167 404.259537 526.825189 682.514775 879.012960 1125.420051 1432.414325 1812.407357 2279.684156 2850.518284 3543.250700 4378.319818 5378.229289 6567.439691 7972.170398 9620.097199 11539.944059 13760.941509 16312.166711 19221.759645 22515.914153 26217.748587 30347.668346 34919.602490 39941.612086 45413.246228 51298.238311 57636.503262 64372.524845 71469.084806 78875.866670 86110.848038 93906.704784 101799.418124 109698.417434 117178.122513 124739.131862 132029.022781 138912.353809 145238.009285 150994.069054 156042.165928 160030.349914 163414.854012 165876.531798 167352.187036 167853.267108 167352.186579 165876.531798 163414.821803 160030.349914 156041.702326 150994.069054 145237.970605 138912.353809 132029.022120 124739.131862 117178.122512 109698.417434 101799.418124 93906.704784 86110.848038 78875.866670 71469.084806 64372.524845 57636.503262 51298.238311 45413.246228 39941.612086 34919.602490 30347.668346 26217.748587 22515.914153 19221.759645 16312.166711 13760.941509 11539.944059 9620.097199 7972.170398 6567.439691 5378.229289 4378.319818 3543.250700 2850.518284 2279.684156 1812.407357 1432.414325 1125.420051 879.012960 682.514775 526.825189 404.259537 308.386167 233.868650 176.316636 132.147949 98.463469 72.935530 53.709885 39.320785 28.618365 20.707908 14.896969 10.654772 7.577083 5.358271 3.803380 2.711666 1.961857 1.467376 
1.540926 1.934925 2.586963 3.575683 5.015250 7.065576 9.991368 14.049700 19.643587 27.306064 37.737028 51.849558 70.823454 96.174962 129.836862 174.254221 232.496368 308.386167 406.647184 533.068665 694.687384 899.984310 1159.092668 1484.012398 1888.824190 2389.894320 3006.059425 3758.778307 4672.235903 5773.382913 7091.893321 8660.021577 10512.341325 12685.345842 15216.914206 18145.587586 21509.709199 25346.383549 29689.573247 34571.552194 40017.391797 46046.002886 52668.271747 59847.874377 67645.179917 76002.879432 84886.420734 94214.523584 103531.395769 113580.370261 123863.895446 133919.692465 144295.282048 154530.865738 164517.451720 174108.125124 183186.066870 190412.356722 197984.956851 204631.253449 210218.288229 214691.094054 207473.099690 209339.871948 209965.959005 209339.871948 207473.099690 214691.094054 210218.288229 204631.253449 197984.956851 190412.356722 183186.066870 174108.125124 164517.451720 154530.865738 144295.282048 133919.692465 123863.895446 113580.370261 103531.395769 94214.523584 84886.420734 76002.879432 67645.179917 59847.874377 52668.271747 46046.002886 40017.391797 34571.552194 29689.573247 25346.383549 21509.709199 18145.587586 15216.914206 12685.345842 10512.341325 8660.021577 7091.893321 5773.382913 4672.235903 3758.778307 3006.059425 2389.894320 1888.824190 1484.012398 1159.092668 899.984310 694.687384 533.068665 406.647184 308.386167 232.496368 174.254221 129.836862 96.174962 70.823454 51.849558 37.737028 27.306064 19.643587 14.049700 9.991368 7.065576 5.015250 3.575683 2.586963 1.934925 
2.019980 2.536469 3.391217 4.687318 6.574428 9.262174 13.097558 18.417575 25.750531 35.795175 49.468994 67.968931 92.841573 126.074545 170.201505 228.427661 304.776556 404.259537 533.068665 698.792990 910.656931 1179.778082 1519.439961 1945.373137 2476.035810 3132.882323 3940.605388 4927.335075 6124.775121 7568.254849 9296.673514 11352.312033 13780.492292 16629.060174 19947.661253 23786.822296 28196.206532 33225.456780 38919.740751 45319.472497 52458.270517 60325.214910 69000.558830 78456.514098 88677.145721 99602.786132 110777.603108 122990.171378 135736.606650 148542.632277 161965.279260 174596.463769 188172.966481 201253.294902 214324.551634 226884.106344 226621.829025 236158.287146 245549.763848 253813.592252 260565.838566 254105.659642 257940.047795 260303.989288 261933.700830 260303.759213 257940.047795 254089.456839 260565.838566 253580.372339 245549.763848 236138.828534 226621.829025 226883.774060 214324.551634 201253.294354 188172.966481 174596.463769 161965.279260 148542.632277 135736.606650 122990.171378 110777.603108 99602.786132 88677.145721 78456.514098 69000.558830 60325.214910 52458.270517 45319.472497 38919.740751 33225.456780 28196.206532 23786.822296 19947.661253 16629.060174 13780.492292 11352.312033 9296.673514 7568.254849 6124.775121 4927.335075 3940.605388 3132.882323 2476.035810 1945.373137 1519.439961 1179.778082 910.656931 698.792990 533.068665 404.259537 304.776556 228.427661 170.201505 126.074545 92.841573 67.968931 49.468994 35.795175 25.750531 18.417575 13.097558 9.262174 6.574428 4.687318 3.391217 2.536469 
2.632409 3.305490 4.419384 6.108445 8.567700 12.070331 17.068549 24.001517 33.557720 46.647755 64.467278 88.576129 120.989797 164.298525 221.804143 297.683628 397.180406 526.825189 694.687384 910.656931 1186.754958 1537.469755 1980.112209 2535.182172 3226.734102 4082.726990 5135.340017 6421.231896 7981.718468 9862.840398 12115.289496 14794.166814 17958.538816 21670.751354 25995.504385 30997.981734 36744.792866 43298.995896 50719.681773 59059.628678 68323.244356 78615.773671 89923.570835 102228.462475 115511.858743 129288.807746 144400.805733 160293.613987 175461.138167 192526.472070 209657.993850 227314.913006 243984.052459 248452.838032 264588.753527 280086.299629 282825.690024 294736.434742 305486.762955 315735.899207 313085.462686 319729.899745 324569.860209 326745.967699 327710.955296 326745.967699 324569.860209 319729.899745 313085.462686 315735.899207 305486.762955 294736.434742 282825.690024 280086.299629 264588.753527 248452.838032 243984.052459 227314.913006 209657.993850 192526.472070 175461.138167 160293.613987 144400.805733 129288.807746 115511.858743 102228.462475 89923.570835 78615.773671 68323.244356 59059.628678 50719.681773 43298.995896 36744.792866 30997.981734 25995.504385 21670.751354 17958.538816 14794.166814 12115.289496 9862.840398 7981.718468 6421.231896 5135.340017 4082.726990 3226.734102 2535.182172 1980.112209 1537.469755 1186.754958 910.656931 694.687384 526.825189 397.180406 297.683628 221.804143 164.298525 120.989797 88.576129 64.467278 46.647755 33.557720 24.001517 17.068549 12.070331 8.567700 6.108445 4.419384 3.305490 
3.410350 4.282342 5.725419 7.913639 11.099662 15.637406 22.112718 31.094546 43.474838 60.433295 83.518919 114.752518 156.745209 212.852714 287.352633 385.656341 514.556823 682.514775 899.984310 1179.778082 1537.469755 1991.829257 2565.283264 3284.389827 4180.312080 5289.271572 6652.957211 8318.861244 10340.509345 12777.547066 15695.650667 19166.201278 23265.721793 28074.983004 33677.084957 40158.679799 47603.801692 56094.935631 65707.981453 76470.043950 88517.251325 101833.230723 116445.425924 132403.606927 149113.171278 167519.716946 185549.568255 206041.318787 227434.065448 248119.669558 270630.614887 279269.446690 300977.773016 309523.441432 328622.582532 347899.052928 365009.240309 368955.020013 382804.029646 395636.534150 395695.680000 404040.326504 409458.696410 413136.335705 414364.008882 413127.004844 409458.696410 403382.469422 395695.680000 386167.470830 382804.029646 368164.972425 365009.240309 347885.561722 328622.582532 309523.419160 300977.773016 279269.446686 270630.614887 248119.669558 227434.065448 206041.318787 185549.568255 167519.716946 149113.171278 132403.606927 116445.425924 101833.230723 88517.251325 76470.043950 65707.981453 56094.935631 47603.801692 40158.679799 33677.084957 28074.983004 23265.721793 19166.201278 15695.650667 12777.547066 10340.509345 8318.861244 6652.957211 5289.271572 4180.312080 3284.389827 2565.283264 1991.829257 1537.469755 1179.778082 899.984310 682.514775 514.556823 385.656341 287.352633 212.852714 156.745209 114.752518 83.518919 60.433295 43.474838 31.094546 22.112718 15.637406 11.099662 7.913639 5.725419 4.282342 
4.392201 5.515242 7.373786 10.192001 14.295290 20.139466 28.479040 40.046766 55.991383 77.832234 107.564282 147.790135 201.872655 274.133690 370.082374 496.688034 662.699376 879.012960 1159.092668 1519.439961 1980.112209 2565.283264 3303.836511 4229.976151 5383.837283 6812.069756 8568.364847 10713.887974 13317.573685 16456.243757 20214.478726 24684.212258 29963.997881 36157.085778 43372.838629 51720.510984 61309.169562 72244.191952 84579.825808 98469.213857 113983.398500 131116.324765 149976.077256 169926.324399 190893.815287 214033.843927 239092.552425 264313.631766 291352.721203 304706.238568 331039.139086 345174.102787 372027.764516 386534.377508 410489.304708 432564.121050 454142.002180 463920.621211 482317.133663 496955.973266 501719.231662 511742.877455 519442.572080 524122.389337 525691.694415 524122.389337 519442.572080 511742.877455 501719.231662 496955.973266 482317.133663 463920.621211 454142.002180 432564.121050 410489.304708 386534.377508 372027.764516 345174.102787 331039.139086 304706.238568 291352.721203 264313.631766 239092.552425 214033.843927 190893.815287 169926.324399 149976.077256 131116.324765 113983.398500 98469.213857 84579.825808 72244.191952 61309.169562 51720.510984 43372.838629 36157.085778 29963.997881 24684.212258 20214.478726 16456.243757 13317.573685 10713.887974 8568.364847 6812.069756 5383.837283 4229.976151 3303.836511 2565.283264 1980.112209 1519.439961 1159.092668 879.012960 662.699376 496.688034 370.082374 274.133690 201.872655 147.790135 107.564282 77.832234 55.991383 40.046766 28.479040 20.139466 14.295290 10.192001 7.373786 5.515242 
5.623433 7.061288 9.440824 13.049048 18.302582 25.785011 36.462355 51.272774 71.687026 99.650358 137.716968 189.219032 258.462098 350.979526 473.824782 635.920855 848.468908 1125.420051 1484.012398 1945.373137 2535.182172 3284.389827 4229.976151 5415.733550 6893.047895 8721.646029 10970.270120 13717.231600 17050.789026 21069.298899 25881.048310 31603.752300 38363.579016 46292.741887 55531.282255 66218.806485 78494.793789 92495.854848 108270.161485 126076.712511 145894.210016 167854.626505 192002.641924 216242.513031 243953.018407 272906.007236 304533.410042 337078.134721 355027.571729 374772.886829 396819.654404 429197.490407 462590.919889 481162.412291 512312.865078 540723.364634 559387.835565 582890.961161 604810.107307 623552.129653 617863.416509 617010.583048 609768.667782 614569.942890 617453.022448 614562.772630 609768.667782 616506.362858 617863.416509 619472.907055 604810.107307 581708.812118 559387.835565 540703.177728 512312.865078 481162.387204 462590.919889 429197.490403 396819.654404 374772.886829 355027.571729 337078.134721 304533.410042 272906.007236 243953.018407 216242.513031 192002.641924 167854.626505 145894.210016 126076.712511 108270.161485 92495.854848 78494.793789 66218.806485 55531.282255 46292.741887 38363.579016 31603.752300 25881.048310 21069.298899 17050.789026 13717.231600 10970.270120 8721.646029 6893.047895 5415.733550 4229.976151 3284.389827 2535.182172 1945.373137 1484.012398 1125.420051 848.468908 635.920855 473.824782 350.979526 258.462098 189.219032 137.716968 99.650358 71.687026 51.272774 36.462355 25.785011 18.302582 13.049048 9.440824 7.061288 
7.157404 8.987480 12.016110 16.608592 23.295195 32.818696 46.408627 65.259062 91.241952 126.833177 175.283671 240.834568 328.965893 446.720404 603.075629 809.388584 1079.915909 1432.414325 1888.824190 2476.035810 3226.734102 4180.312080 5383.837283 6893.047895 8773.346924 11100.753619 13962.761754 17459.043032 21701.936576 26816.623412 32940.931562 40224.644924 48827.437213 58920.632382 70679.288532 84281.332172 99884.112588 117643.388467 137809.011684 160426.816055 185674.587676 212307.928872 242106.463963 274792.962250 309239.797201 347164.822457 369340.850801 410085.685972 434901.856437 463635.941000 494717.617473 534546.608620 571871.515840 602663.098918 640125.110425 674162.925817 685752.692121 679663.871840 706735.938991 732178.602497 770989.331572 790440.131354 805934.839634 813448.083206 815588.000769 813451.218761 805934.839634 790660.950175 770989.331572 732178.602497 706735.938991 679663.871840 685752.692121 674162.925817 640125.110425 602663.098918 571871.515840 534546.608620 494717.617473 463635.941000 434901.856437 410085.685972 369340.850801 347164.822457 309239.797201 274792.962250 242106.463963 212307.928872 185674.587676 160426.816055 137809.011684 117643.388467 99884.112588 84281.332172 70679.288532 58920.632382 48827.437213 40224.644924 32940.931562 26816.623412 21701.936576 17459.043032 13962.761754 11100.753619 8773.346924 6893.047895 5383.837283 4180.312080 3226.734102 2476.035810 1888.824190 1432.414325 1079.915909 809.388584 603.075629 446.720404 328.965893 240.834568 175.283671 126.833177 91.241952 65.259062 46.408627 32.818696 23.295195 16.608592 12.016110 8.987480 
9.056131 11.371692 15.203762 21.014545 29.474980 41.524889 58.719978 82.571084 115.446755 160.479674 221.783188 304.723525 416.234461 565.227067 763.060442 1024.104408 1366.397630 1812.407357 2389.894320 3132.882323 4082.726990 5289.271572 6812.069756 8721.646029 11100.753619 14045.578262 17666.822459 22090.604410 27459.056606 33930.574869 41679.507126 50894.465686 61780.520816 74551.167641 89429.120960 106614.573115 126321.263282 148856.979194 174345.154653 202964.990083 233458.907521 267862.487505 304985.450757 346266.215355 391049.905010 419067.281968 451383.081269 499919.656112 536275.478447 575151.394261 622555.863409 661050.907895 709658.709346 696147.968699 741013.362648 786640.316554 849820.759933 896830.394008 932818.805099 964165.625313 1008211.409484 1033351.028281 1053286.359330 1062971.338930 1065897.382826 1062984.613516 1053286.359330 1034285.879625 1008211.409484 977621.688617 932818.805099 898794.896081 849820.759933 786673.863270 741013.362648 696148.015840 709658.709346 661050.907902 622555.863409 575151.394261 536275.478447 499919.656112 451383.081269 419067.281968 391049.905010 346266.215355 304985.450757 267862.487505 233458.907521 202964.990083 174345.154653 148856.979194 126321.263282 106614.573115 89429.120960 74551.167641 61780.520816 50894.465686 41679.507126 33930.574869 27459.056606 22090.604410 17666.822459 14045.578262 11100.753619 8721.646029 6812.069756 5289.271572 4082.726990 3132.882323 2389.894320 1812.407357 1366.397630 1024.104408 763.060442 565.227067 416.234461 304.723525 221.783188 160.479674 115.446755 82.571084 58.719978 41.524889 29.474980 21.014545 15.203762 11.371692 
11.390993 14.303554 19.123613 26.432537 37.074251 52.230880 73.859225 103.859649 145.211361 201.854714 278.963566 383.287669 523.548474 710.954512 959.793499 1288.140100 1718.683726 2279.684156 3006.059425 3940.605388 5135.340017 6652.957211 8568.364847 10970.270120 13962.761754 17666.822459 22221.699482 27786.025249 34538.580317 42678.545135 52425.294223 64016.123034 77708.826457 93772.077722 112457.504173 134103.041631 158894.662293 187210.725941 219244.912095 253690.148230 293634.470091 335428.326783 383149.333929 433834.903171 469846.941315 509716.686820 552271.433598 611363.817987 657897.295975 707216.421134 753372.890017 761379.359385 822787.768270 913540.179086 973699.831412 1032069.688683 1084571.719187 1164185.138297 1210535.578524 1251952.213299 1300186.090947 1331266.611375 1354631.894449 1367781.377633 1371625.268451 1367781.494480 1354631.894449 1331274.840191 1300186.090947 1252070.657238 1210535.578524 1164195.020621 1084571.719187 1032069.857438 973699.831412 913540.179364 822787.768270 761379.359385 753372.890017 707216.421134 657897.295975 611363.817987 552271.433598 509716.686820 469846.941315 433834.903171 383149.333929 335428.326783 293634.470091 253690.148230 219244.912095 187210.725941 158894.662293 134103.041631 112457.504173 93772.077722 77708.826457 64016.123034 52425.294223 42678.545135 34538.580317 27786.025249 22221.699482 17666.822459 13962.761754 10970.270120 8568.364847 6652.957211 5135.340017 3940.605388 3006.059425 2279.684156 1718.683726 1288.140100 959.793499 710.954512 523.548474 383.287669 278.963566 201.854714 145.211361 103.859649 73.859225 52.230880 37.074251 26.432537 19.123613 14.303554 
