96.665856 100.233599 105.607432 120.947796 136.280231 156.321895 183.513829 218.761275 260.192458 314.665439 377.150280 451.993157 539.703400 569.736680 677.941450 805.668477 954.873173 1128.310797 1192.544084 1236.686325 1336.830273 1491.509560 1750.901744 1993.353038 2335.187381 2689.285936 3143.216781 3691.509681 4257.192628 4930.082782 5740.581247 6661.844573 7716.414811 8894.358467 10241.383295 11788.820601 13530.486994 15488.998612 17578.702611 19927.918469 14868.164996 15635.907062 16766.613191 18556.088037 19802.400158 21752.242309 23815.887257 25811.723596 28041.751224 30339.176550 32690.127689 35068.138795 37448.426077 39791.338484 41930.397354 44232.246299 46300.562027 48224.617049 50252.622563 50983.592698 52167.592617 53135.498877 53861.550892 54302.377655 54450.976504 54302.377655 53861.550892 53135.498877 52167.592617 50983.592698 50252.622563 48224.617049 46300.562027 44232.246299 41930.397354 39791.338484 37448.426077 35068.138795 32690.127689 30339.176550 28041.751224 25811.723596 23815.887257 21752.242309 19802.400158 18556.088037 16766.613191 15635.907062 14868.164996 19927.918469 17578.702611 15488.998612 13530.486994 11788.820601 10241.383295 8894.358467 7716.414811 6661.844573 5740.581247 4930.082782 4257.192628 3691.509681 3143.216781 2689.285936 2335.187381 1993.353038 1750.901744 1491.509560 1336.830273 1236.686325 1192.544084 1128.310797 954.873173 805.668477 677.941450 569.736680 539.703400 451.993157 377.150280 314.665439 260.192458 218.761275 183.513829 156.321895 136.280231 120.947796 105.607432 100.233599 
100.233599 104.270187 110.222936 122.600281 138.581413 159.070098 187.989368 223.360859 267.678398 319.947035 383.661700 431.367105 515.362929 615.079316 693.687093 776.758782 920.528054 1087.879923 1280.447584 1309.727084 1400.633458 1598.914782 1819.750679 2062.176170 2392.911268 2798.160044 3224.496287 3761.921121 4361.485739 5079.354789 5900.236636 6848.501486 7902.010542 9118.522788 10498.595484 12027.768551 13799.853180 15789.111297 18004.950992 20429.217451 15950.923929 15839.669240 17399.585245 18835.667582 20579.068294 22613.005433 24630.630689 26769.610249 29001.054659 31317.746071 33743.220887 36193.494327 38602.802717 40993.923510 43365.128797 45731.277988 47968.450629 50020.086365 51498.539417 52896.446963 53994.403859 55003.002511 55738.937665 56188.779618 56328.956591 56191.661470 55739.015150 55003.026148 54004.499806 52896.446946 51498.552875 50020.086185 47968.450871 45731.285889 43364.531859 40991.751514 38540.632923 36193.494327 33743.352088 31319.072651 29001.054688 26770.363998 24760.306010 22612.999661 20579.256741 18835.667661 17399.445198 15839.669784 15950.924488 20422.230249 18006.702429 15789.111560 13798.512562 12027.768551 10498.595575 9117.825439 7920.974498 6848.500650 5899.853224 5079.354805 4361.674283 3761.921112 3224.377990 2798.160044 2393.008440 2062.120550 1819.750679 1598.914786 1400.633437 1309.650159 1280.678924 1087.879923 920.479280 776.758781 693.687093 615.079178 515.414169 431.367105 383.661726 319.947034 267.678398 223.360860 187.989368 159.069657 138.580879 122.600281 110.222618 104.270187 
105.607432 110.222936 116.772310 129.829290 146.472235 171.537725 199.976715 237.831161 283.571192 338.940084 378.813597 454.291203 544.036251 648.838312 727.633138 863.594483 1022.551666 1151.151922 1355.288039 1352.476950 1459.571340 1679.422005 1899.815082 2227.687116 2555.475337 3003.308447 3477.744311 4052.084205 4721.885800 5461.780649 6316.741272 7313.393485 8445.418463 9739.648082 11187.328217 12856.701480 14734.615130 16844.007469 19036.773076 21547.946488 16646.504519 16722.124052 18043.570264 19794.765443 21777.928354 23756.027406 26930.945665 29253.344243 31776.373405 34381.348145 37042.653667 39694.011297 42407.811197 44963.489572 47638.879688 50096.594924 52490.010910 54901.797777 56288.333533 57997.637053 59159.188588 60250.678989 49715.702193 50113.747355 50246.790355 50113.747408 49715.695307 60250.676172 59143.276289 58013.736877 56288.334944 54471.224613 52489.660149 50160.378968 47639.096430 44963.550899 42411.429189 39694.011289 37041.405921 34381.348176 31776.376415 29253.344241 26980.350408 23755.997611 21612.013686 19665.414787 18043.570265 16544.369100 16649.178293 21547.953187 19047.726509 16844.007454 14735.809754 12856.701593 11187.328217 9747.668877 8445.418426 7313.393754 6316.740945 5449.964491 4699.601519 4052.183866 3477.758581 2992.813144 2555.506904 2227.687135 1899.930015 1679.422001 1459.661948 1352.476951 1355.288039 1151.151931 1022.551661 863.284193 727.633138 648.838547 543.484431 454.291203 378.813623 338.681749 283.571298 237.833269 199.976715 171.537725 146.473434 129.829290 116.772310 110.222618 
120.947796 122.600281 129.829290 143.831711 163.086949 188.081799 220.184264 259.904926 310.155394 347.056447 414.275380 495.895466 557.816793 665.898957 776.302250 922.885224 1040.870864 1230.826996 1451.125340 1520.484894 1727.571739 1888.407393 2133.701943 2484.072406 2906.743922 3348.951655 3893.713145 4495.254679 5242.730995 6080.827510 7042.020140 8137.026671 9360.229263 10789.091472 12406.618433 13208.212161 15206.399037 17454.970380 19933.406488 22648.439542 18105.546486 17978.018372 19805.813613 21645.177424 23821.828341 26392.216008 29118.008663 31673.953686 35387.113512 38408.338138 41454.341134 44612.696052 48674.045826 51642.648128 54755.218795 57664.837344 48328.036940 49754.422517 51391.598755 52888.114575 54078.913219 43861.016019 44411.728040 44739.611358 44853.319518 44741.260116 44411.738334 43858.448281 54078.914031 52888.114028 51391.591463 49861.827021 48328.082443 57666.388003 54754.651503 51645.974280 48699.497540 44612.696027 41454.341899 38369.847082 35387.113516 31673.953692 29118.008617 26392.216026 23821.826857 21645.177451 19806.105501 17979.937275 18430.872321 22648.439513 19933.406487 17449.495423 15206.398982 13208.212161 12406.618433 10789.091467 9360.229627 8137.026672 7042.061499 6080.827510 5242.730997 4495.257022 3893.713061 3348.928725 2906.744110 2501.126971 2133.701954 1888.407393 1727.571739 1520.485041 1451.125338 1230.826996 1040.870864 922.885224 776.302256 665.898716 557.816753 495.895373 414.275380 347.056448 310.155394 259.904926 220.411975 188.081795 163.086949 143.831711 129.829290 122.600281 
136.280231 138.581413 146.472235 163.086949 182.771772 212.079298 248.284396 293.172929 326.776943 390.094229 467.259141 508.330025 609.012076 728.850396 870.039671 983.119488 1149.106514 1360.823044 1606.424375 1710.271205 1917.284153 2149.736359 2486.041196 2844.892902 3327.452732 3836.005883 4466.147553 5196.676058 6006.053651 6962.428929 8058.876796 9269.556515 9677.163162 11238.374766 12949.486795 14928.671993 16192.439212 18656.715881 21157.312227 24099.518817 19644.466975 20173.063506 22210.993042 24579.522122 27371.847525 30140.975553 33369.780780 36564.928072 40092.760293 43744.290589 48250.785341 51907.753682 55680.168929 47429.713400 50126.835343 53751.872066 44172.446312 45376.769094 46808.940347 48075.361297 38757.978779 39226.921876 39680.937382 39957.514282 40058.116559 39964.951992 39680.980505 39226.850642 38757.991031 48075.350647 46808.940347 45376.765655 44172.365614 53752.259269 50126.468934 47429.713478 55680.168882 51907.750758 48250.785150 43744.099001 40092.757809 36737.445774 33370.114297 30140.940219 27371.327372 24579.522185 22210.993041 20174.644203 19646.007360 24099.518814 21157.311953 18656.715769 16192.439212 14928.671992 12949.486542 11238.374152 9677.163162 9291.063501 8058.601253 6962.430588 6006.053647 5196.490069 4466.150546 3836.005847 3327.452732 2844.892831 2486.041196 2149.736352 1917.284153 1710.271205 1606.466943 1360.823044 1149.106514 983.594661 869.970285 728.822475 609.012086 508.330025 467.259141 390.094229 326.776942 293.172929 248.284396 212.079515 182.771772 163.086949 146.473434 138.580879 
156.321895 159.070098 171.537725 188.081799 212.079298 243.594944 285.350637 338.709299 377.231587 431.254598 487.796442 585.404310 700.167987 777.911931 931.004686 1109.972699 1318.908672 1503.321004 1775.338022 2071.785300 2218.193488 2511.561482 2922.617850 3405.311182 3902.059112 4551.723527 5261.166087 6106.655733 7079.196838 8161.457278 8303.476164 9660.725826 11148.269063 11855.434562 13819.944980 15912.162356 18432.045665 21236.877198 23320.339527 26648.151509 22957.653597 23900.948354 26158.045053 28824.764135 31986.386891 35693.530574 39362.366834 43486.888764 47633.969438 52082.217073 56694.530091 47270.069351 51438.594899 43235.574972 45678.121267 47815.935121 50586.879514 41620.237641 42768.814213 43870.761514 35076.775378 35535.112070 35826.362120 36043.043918 36113.369855 36043.043936 35827.617146 35535.111971 35076.775266 34401.067157 42768.814326 41620.223120 50743.646537 48184.024337 45678.121196 43235.574685 51454.268177 47927.926429 56694.530070 52082.217071 47633.969404 43486.888874 39362.366626 35693.529363 31986.386913 28871.504028 26158.944109 23244.792933 22957.653170 26648.151500 23320.339527 21236.877198 18432.045664 15912.162357 13819.944980 11864.788767 11148.309434 9660.725829 8305.814817 8161.457278 7079.196837 6113.366076 5261.166087 4551.723527 3902.059112 3391.794889 2922.617999 2511.561482 2218.193488 2071.785300 1775.338022 1503.560437 1318.908672 1109.996054 931.004686 778.045971 700.167987 585.404310 487.796442 431.254597 377.231587 338.709299 285.350637 243.550400 212.079515 188.081795 171.537725 159.069657 
183.513829 187.989368 199.976715 220.184264 248.284396 285.350637 334.108198 352.895035 421.722255 477.227003 571.613278 663.735868 761.041338 911.737481 1089.308630 1279.497120 1468.095760 1741.964180 2059.745599 2426.645722 2608.825827 3020.592367 3466.171662 4044.013925 4676.340790 5439.758215 6306.920604 7280.751781 7254.327494 8443.427875 9827.932021 10182.347815 11900.569798 13876.541637 14961.910325 17468.054492 20295.404224 23196.900750 26720.629052 29610.747606 26507.355014 28328.536904 31433.816445 34275.671115 38543.237530 42706.372061 47529.137895 52598.311531 57666.266384 48232.967783 52564.810832 43114.247745 46818.045909 38011.856816 41414.030073 43192.673697 44967.630527 36087.021121 38153.873587 40229.464738 32179.604637 32606.626784 32787.940383 32952.319301 33022.740765 32952.318767 32787.941891 32606.626307 32179.579171 40228.676340 38153.862702 36156.845599 44967.585044 43193.409921 41104.344691 38011.757421 46817.987943 43114.247965 52564.811124 48232.967774 57666.266317 52598.311506 47529.137880 42737.621850 38543.240600 34275.671111 31433.816430 28328.537170 26506.399101 29610.737137 26720.629052 23498.091866 20295.404225 17468.054493 14961.910325 13878.880697 11900.569796 10182.347861 9827.932021 8443.427875 7254.327468 7280.723123 6306.927272 5439.758215 4676.340790 4044.013925 3466.171662 3020.661387 2633.778959 2426.645722 2059.745600 1741.964180 1468.095760 1279.497117 1089.308419 911.737481 761.041347 663.735868 571.613278 477.227055 421.722255 352.895035 334.108198 285.350637 248.284396 220.411975 199.976715 187.989368 
218.761275 223.360859 237.831161 259.904926 293.172929 338.709299 352.895035 417.640557 497.857945 544.368501 653.558481 752.269059 882.287984 1059.653622 1226.258151 1464.152162 1743.887331 2049.659231 2365.771541 2791.633005 3220.858187 3630.412435 4218.314210 4863.746731 5662.757727 6547.207061 7602.894628 7468.800221 8681.921973 8846.594218 10337.675963 10998.751018 12828.553873 15065.233493 17618.532859 19322.368567 22569.059998 26250.766911 30308.646883 33988.679369 30320.837478 33643.681141 37969.184348 42250.768540 47082.238263 52667.792075 57694.042015 64580.147780 53505.049895 43984.669311 36030.128473 39000.692975 42250.128673 34663.882734 36290.398334 37971.645559 30485.657064 31702.677006 33524.685677 34559.540030 30402.204246 38793.379508 30888.617393 30974.439224 31004.493717 30974.429931 30888.646508 38793.086637 30402.217342 34559.520505 33524.685282 31702.631214 30567.262958 37973.162090 36290.392865 34663.883825 42250.124809 39000.692959 36029.485992 43984.669304 53503.649479 64580.147573 57694.042051 52684.566086 47082.237777 42250.768524 37969.184045 33643.421454 30355.456534 33988.679422 30308.646932 26252.241153 22569.060010 19322.368570 17620.418745 15065.233487 12828.553872 10998.751018 10337.675963 8846.594198 8682.159890 7468.800226 7602.899699 6547.207061 5665.531565 4863.764939 4218.314210 3630.412435 3220.858187 2791.633005 2365.890865 2049.659231 1743.887330 1464.176142 1226.258151 1059.653622 882.288175 752.269058 653.558481 544.368501 497.893048 417.640557 352.895035 338.709299 293.172929 259.904926 237.833269 223.360860 
260.192458 267.678398 283.571192 310.155394 326.776943 377.231587 421.722255 497.857945 540.988263 649.030231 750.787600 876.725965 1054.417872 1227.631945 1448.410772 1732.560636 2066.094104 2397.678508 2838.440257 3329.362683 3916.191726 4359.573443 5087.585142 5875.293460 6848.435302 6617.356426 7697.175248 8978.048998 9034.145421 10571.284234 11085.758433 12998.631740 14205.163868 16772.352814 19536.259939 22896.541383 25765.858008 29650.725580 34114.411634 35467.013020 36296.333531 40553.044268 45424.381562 50948.655724 57411.999470 63962.489050 54096.892610 59896.543520 49404.785080 40569.460648 33151.322250 35839.062661 38584.016049 31834.194079 25347.818266 26136.557035 27342.679265 28508.720978 29687.088175 31662.914547 32563.866382 35776.807207 37394.524569 37487.900837 37519.304979 37487.888618 37394.524371 35776.807599 32564.729968 31663.022617 29687.086228 28508.559004 27342.415980 26321.023503 25006.938017 31834.232662 38584.015496 35839.339926 33151.323996 40569.460827 49404.795005 59896.543339 54096.892488 63962.489114 57411.997464 50948.592071 45424.381581 40553.044201 35847.529010 38801.614754 34114.416679 29650.725571 25765.858032 22896.541776 19536.259939 16772.353090 14205.163864 12998.631740 11085.757802 10571.284234 9034.145423 8978.056433 7695.289342 6617.356477 6848.435301 5880.068138 5087.585142 4359.573443 3916.191726 3329.362683 2838.440257 2397.678481 2066.094104 1732.560636 1448.410876 1227.631945 1054.403163 876.725965 750.787600 649.030209 540.988263 497.893048 421.722255 377.231587 326.776942 310.155394 283.571298 267.678398 
314.665439 319.947035 338.940084 347.056447 390.094229 431.254598 477.227003 544.368501 649.030231 778.203080 874.602188 1053.567874 1232.125662 1452.990479 1743.889475 2041.812975 2433.906094 2869.851357 3400.373021 4013.219768 4651.950690 5453.428837 6149.709737 7172.472142 6820.624236 7980.661097 7889.487005 9236.399691 10851.253642 11250.563042 13220.574874 14298.416089 16798.775128 19817.837577 22212.928717 26148.047713 30293.648112 34463.601768 39442.937551 41968.164494 42860.661597 48908.569104 55524.466235 62246.131741 69762.815533 59327.795452 49325.493550 54691.667752 45113.851692 36865.518319 40129.044112 32875.572522 27715.318694 28851.050614 24545.809304 24835.950042 26028.949770 27262.320746 28436.014770 29853.473536 30842.050938 32097.670973 34844.917875 37598.319101 37580.701765 37598.303519 34841.012136 32097.685099 30841.964123 29853.575628 28436.009812 27262.339960 26028.969276 24832.927741 24545.828742 28851.059860 27715.328841 32875.595724 40399.331700 36865.537002 45113.875858 54691.667979 49325.495300 59327.787166 69762.818646 62245.592298 55524.119087 48908.629156 42860.515469 41968.167425 39442.937461 34463.604660 30293.648086 26148.047863 21981.910744 19817.838300 16799.305550 14298.416032 13220.925410 11250.563000 10851.259072 9236.398923 7889.487207 7980.661105 6820.620055 7172.472141 6149.709745 5453.450804 4651.950691 4013.219764 3349.772011 2869.851357 2433.906094 2041.813403 1743.889565 1452.990463 1232.125662 1053.567874 874.602220 778.203080 649.030209 544.368501 477.227055 431.254597 390.094229 347.056448 338.681749 319.947034 
377.150280 383.661700 378.813597 414.275380 467.259141 487.796442 571.613278 653.558481 750.787600 874.602188 1052.614598 1236.987844 1458.066504 1753.857912 2064.011962 2443.016782 2915.042517 3419.754784 4050.771408 4781.150478 5602.776773 6569.380107 7478.379347 7082.969811 8282.003049 8069.888978 9502.265372 9689.015298 11445.703402 13439.704195 14439.111222 17016.630211 18917.855462 22229.498813 26254.419750 30882.391225 35141.552350 39831.591623 47023.185248 49462.986333 52134.808989 58999.903193 67026.905613 75541.451762 64681.231029 54115.448842 45072.063533 50093.963773 41114.240913 34302.420730 37134.885348 31084.756510 27390.300146 28136.735215 23875.439312 25101.177525 26125.668283 27413.154547 28648.544949 29820.956877 31142.175264 32449.417642 33332.846527 34949.457235 39487.559953 34949.287226 33334.043646 32449.416395 31141.408226 29822.555907 28648.535690 27412.324175 26125.674217 25032.464882 23885.416793 28138.090455 27390.248926 31084.651402 37134.875048 34302.559964 41114.298384 50093.967903 45072.061687 54115.428053 64681.249167 75541.450776 67052.473125 58835.227272 51590.325582 49462.975584 47023.178222 39831.587690 35141.552350 30882.391357 26254.419750 22229.501065 18917.855462 17016.909619 14439.111647 13439.704171 11445.703390 9686.604738 9501.199548 8069.888881 8282.003049 7082.969810 7478.379346 6569.380105 5602.873197 4781.150476 4050.771459 3419.754784 2915.042517 2443.016782 2064.006397 1753.848297 1458.057831 1236.987844 1052.614598 874.602220 750.787600 653.558481 571.613278 487.796442 467.259141 414.275380 378.813623 383.661726 
451.993157 431.367105 454.291203 495.895466 508.330025 585.404310 663.735868 752.269059 876.725965 1053.567874 1236.987844 1459.177388 1759.567637 2080.571073 2465.892235 2952.352495 3499.315195 4112.112246 4873.948320 5707.851466 6769.699148 7873.214884 7460.547669 8575.445516 8303.892149 9769.390734 9823.613458 11615.574729 12293.432108 14587.758555 17207.301970 19050.007806 21643.434283 25546.905115 29972.302453 35711.047867 41512.613285 47904.288537 56399.674888 59609.643667 62387.702345 71241.165546 81301.462832 70074.449490 59037.863036 49590.039338 41200.109480 45820.012178 29756.397351 32812.048828 35397.292462 39489.230073 42053.382724 28423.863942 25432.818007 26829.274163 28214.358573 29636.615922 31034.320648 32349.036685 33569.258431 34727.963171 36000.082031 37253.140333 33079.185530 37253.066991 36000.059872 34727.962806 33569.246177 32351.842417 31034.287066 29636.574992 28214.383669 26768.511877 25433.584630 28423.864125 42053.380156 39489.230238 35397.315821 32811.660776 29757.531062 45820.022759 41200.076939 49590.015909 59038.570274 70074.446102 81301.463349 71234.846252 62387.702686 59609.643650 56399.674869 47903.675878 41512.613010 35711.048212 29971.633288 25547.081299 21643.437652 19050.006677 17207.303072 14587.758617 12293.432113 11615.479283 9823.613463 9769.390696 8303.865443 8575.445511 7460.547669 7873.214884 6769.518054 5707.851467 4873.957520 4112.112231 3499.315204 2952.352495 2465.892060 2080.571073 1759.567637 1459.177388 1236.987844 1053.567874 876.725965 752.269058 663.735868 585.404310 508.330025 495.895373 454.291203 431.367105 
539.703400 515.362929 544.036251 557.816793 609.012076 700.167987 761.041338 882.287984 1054.417872 1232.125662 1458.066504 1759.567637 2057.080086 2478.181208 2943.877355 3523.683298 4174.954247 4945.640852 5820.186531 6873.252821 8144.613889 9480.629090 8970.132510 8533.027479 10016.519286 10015.785789 11832.466115 12408.995269 14702.994860 16026.868323 19036.069447 22657.722785 24848.637373 29382.345222 34909.211683 41682.115572 48596.911210 56255.691265 66275.578974 71120.948527 76838.465919 87133.907933 98780.735961 64399.526693 54701.424557 45555.297551 39099.850471 33814.358591 30035.187572 32892.212967 35157.862576 39292.288142 35051.768680 35191.254073 37346.755008 39503.020901 36126.710184 33968.561670 35572.093577 37113.975053 38731.198421 40313.048682 39909.382896 37177.988301 33918.751977 36530.300287 39904.312938 40313.038727 38952.508684 37265.973137 35571.081149 33968.707087 32561.273082 34243.596748 37346.935601 35191.311714 40828.740241 39292.278614 35702.225416 32901.625921 30040.680913 27441.933361 38946.344442 45554.892643 54367.274556 64399.011979 98780.737001 86613.278824 76838.215300 71906.712379 62589.636358 56255.686796 48073.342025 41682.115948 34909.212081 29382.857004 24844.406941 21514.608342 19163.135863 16027.115951 14702.994684 12400.732488 11845.674834 10015.785789 10012.028822 8533.061620 8919.728513 9480.629099 8144.610638 6873.252853 5820.197660 4945.635796 4174.960035 3497.838965 2975.814043 2478.181378 2057.080086 1759.567637 1458.057831 1232.125662 1054.403163 882.288175 761.041347 700.167987 609.012086 557.816753 543.484431 515.414169 
569.736680 615.079316 648.838312 665.898957 728.850396 777.911931 911.737481 1059.653622 1227.631945 1452.990479 1753.857912 2080.571073 2478.181208 2984.503423 3548.763215 4214.172051 4996.322843 5955.174804 7011.766024 8226.221311 9678.788463 9167.345074 10718.733694 10331.239826 10173.358793 12018.864814 12474.540874 14844.720759 16136.004472 19208.430952 22809.315602 25587.443401 29738.516502 34133.023630 40578.851820 48513.820291 56620.317844 66384.032177 78217.947298 85549.856245 92312.097539 104570.090716 90884.496594 58982.068019 50457.019421 43625.567117 48515.903197 29552.878269 32434.743577 34670.145239 38369.493166 41701.715142 36998.633514 38966.306192 37567.492990 39735.255984 41936.354833 44101.143099 46152.045652 44995.418575 46776.896259 46709.296243 43976.446523 43494.666700 43462.587096 43494.716955 43982.609910 46698.427966 45301.041584 45228.629013 46152.021045 44101.139507 41936.497185 39735.312065 37574.728968 38966.431863 37637.808840 41685.494803 38369.494514 34670.121422 32434.772203 29209.368853 38300.708343 43625.519015 50457.016326 58982.067904 90941.215901 104589.549325 92312.212832 85550.008479 77376.051285 66384.031661 56620.316574 48513.821491 40578.852788 34451.809031 29068.954004 25587.443366 22809.315544 19208.430916 16136.004502 14844.579101 12474.440721 12018.940732 10169.454037 10331.572045 10718.768474 9167.345096 9678.788464 8261.475285 6995.943656 5955.174804 4996.322850 4214.160870 3548.763215 2984.503423 2478.181378 2080.571073 1753.848297 1452.990463 1227.631945 1059.653622 911.737481 778.045971 728.822475 665.898716 648.838547 615.079178 
677.941450 693.687093 727.633138 776.302250 870.039671 931.004686 1089.308630 1226.258151 1448.410772 1743.889475 2064.011962 2465.892235 2943.877355 3548.763215 4228.023503 5033.130476 6004.565952 7176.454380 8420.323991 9880.605200 9297.127408 10989.063430 10496.567560 12387.341094 12201.009570 12572.219149 14952.434527 16114.805443 17965.234768 21624.399374 25638.852635 30623.452602 36736.878830 40816.243088 47924.133942 57262.083348 66932.483006 77739.313280 91547.939872 100701.669905 110451.112294 96363.403915 83418.836425 54946.606004 38350.153315 43039.634074 47682.229664 37209.411816 36336.653524 39172.598958 43991.641096 42855.404483 40837.017071 43289.974422 45974.569303 48714.252989 49103.288311 51313.400722 53745.287403 56046.058569 55126.791517 53879.383200 53733.565457 53925.002265 54069.999883 53993.864139 53735.457502 53877.641935 56487.023581 56046.043879 53745.582366 51313.199090 49103.680689 48714.438441 45968.657955 43289.999710 43344.090800 41653.103208 43991.633501 39812.194317 36336.720563 37210.752047 47682.210201 43037.198282 48005.939441 54946.603965 83418.843321 96574.118699 110453.313394 100701.664083 91547.938917 77739.312427 66309.498260 57262.088815 47924.241113 40816.242922 36736.766378 30623.321789 25643.093610 21624.399400 19254.072566 16114.805464 14952.434490 12572.227275 12201.009575 12345.695261 10496.567617 10989.064135 9297.127395 9880.605172 8420.323991 7176.454380 6004.565951 5033.130476 4228.023503 3548.763215 2975.814043 2465.892060 2064.006397 1743.889565 1448.410876 1226.258151 1089.308419 931.004686 869.970285 776.302256 727.633138 693.687093 
805.668477 776.758782 863.594483 922.885224 983.119488 1109.972699 1279.497120 1464.152162 1732.560636 2041.812975 2443.016782 2952.352495 3523.683298 4214.172051 5033.130476 5997.988567 7158.000654 8480.327313 10075.623632 11847.795993 11137.068771 10605.544632 12576.521933 12383.962537 14657.596993 15047.967295 16110.197334 19274.645725 21514.797520 24582.055830 29419.836739 35042.513504 42141.837191 48729.961851 57417.111935 67671.280635 79073.063440 92664.982668 103912.393698 120562.978665 132619.195182 88988.496858 77164.265818 52808.924710 39921.376100 44955.449866 42611.401297 47781.881646 51935.224049 51215.950518 51725.086895 50067.439648 50934.408543 54042.573118 57482.372537 59073.756701 62364.588101 65513.217547 68529.106424 68297.664570 68046.709083 67913.160547 68188.114140 68679.365738 68823.685758 68679.493392 68259.584398 67670.846400 68047.007406 69680.856170 68531.528885 65505.694282 62353.770790 59075.374840 57483.784346 54042.929192 53075.344463 50591.145270 51725.077036 47464.052821 51936.679638 47781.826988 49309.987052 44955.442437 40253.361273 52808.929968 77425.107066 88989.927890 133178.732232 120562.970826 103912.382842 92142.390912 79073.062930 67671.357267 57417.112521 49768.033004 42145.075457 35042.513348 29228.789088 24582.195238 21419.696129 19274.645698 16110.197306 15038.287702 14657.597032 12383.961883 12576.534562 10605.544632 11160.704758 11847.795979 10075.625688 8480.327313 7133.849641 5997.988567 5033.130476 4214.160870 3497.838965 2952.352495 2443.016782 2041.813403 1732.560636 1464.176142 1279.497117 1109.996054 983.594661 922.885224 863.284193 776.758781 
954.873173 920.528054 1022.551666 1040.870864 1149.106514 1318.908672 1468.095760 1743.887331 2066.094104 2433.906094 2915.042517 3499.315195 4174.954247 4996.322843 6004.565952 7158.000654 8487.985376 10091.179258 11984.487133 14097.261593 13267.339550 12706.261985 12479.441158 14810.954330 15131.786329 17997.836893 19284.231564 22970.128457 24392.456943 29410.748704 33951.707162 40774.538020 49079.224413 57721.979088 68467.215434 79394.027149 93493.116197 108703.797075 126702.682449 142707.000680 158969.095057 82851.643468 73284.417072 53525.784323 44537.031798 49493.613612 54775.432746 54806.837434 56083.129644 62063.500685 62732.282245 62561.341083 66631.156430 69211.866986 73582.545702 76490.472388 80343.961171 84394.231283 85115.190664 85762.074865 85670.471221 86393.883403 87332.309046 87995.777949 87485.226823 87248.666318 87332.195833 86393.902977 85670.369388 85800.296851 85114.024829 82975.815844 80346.140550 76491.437461 73579.812650 69212.711736 66634.005698 62965.524949 62732.307961 62063.476753 56083.118343 54806.859128 54775.416126 49493.590404 44536.990063 45330.032243 73284.447643 82854.695596 159467.310830 142710.059310 126704.628834 108703.802997 93493.105406 79394.105861 68467.215400 57721.978349 49079.224341 40774.536513 33951.705497 28499.503083 24392.456536 22970.142874 19287.168543 17997.842543 15131.787565 14810.953623 12479.441175 12706.261984 13267.339485 14097.261566 11984.487134 10091.178990 8487.985360 7133.849641 6004.565951 4996.322850 4174.960035 3499.315204 2915.042517 2433.906094 2066.094104 1743.887330 1468.095760 1318.908672 1149.106514 1040.870864 1022.551661 920.479280 
1128.310797 1087.879923 1151.151922 1230.826996 1360.823044 1503.321004 1741.964180 2049.659231 2397.678508 2869.851357 3419.754784 4112.112246 4945.640852 5955.174804 7176.454380 8480.327313 10091.179258 11992.983725 14153.286902 13390.130150 15772.059071 15137.068707 14887.811495 15156.017977 18084.509634 19209.192855 21210.337403 25374.310978 30502.166616 35075.841020 40554.496821 47544.416038 57204.002820 67780.583756 79789.510197 93731.279616 109857.187851 128683.485678 149958.886456 167096.809668 147558.893839 79619.446509 60062.036347 57472.242025 57022.678624 57527.014504 60016.824292 63908.834070 69995.722630 73968.708033 76671.960597 81699.739083 85528.329492 89479.618401 95087.262032 99522.571013 104895.109708 106972.347442 108484.782481 110830.145204 112376.019737 114283.769991 115011.282936 115873.859325 116187.480665 115840.054383 115011.405756 114283.713070 113187.509080 110829.587115 108484.320655 107044.222176 104890.904404 99566.112743 95072.566808 89475.392695 85520.272810 81698.626021 76672.825090 73968.700173 69995.669867 63908.937747 60016.763344 57526.924566 56733.709007 57472.697664 60062.061644 79624.891514 147033.166615 167095.082612 149956.844563 128683.481829 109857.188227 93730.846192 79789.510170 67780.579646 57204.002648 47815.940893 40554.494262 35075.840938 30502.167210 25374.299438 21207.199830 19209.169835 18084.503902 15156.017976 14887.811495 15137.068458 15772.059071 13390.129620 14176.629467 11992.983734 10091.178990 8480.327313 7176.454380 5955.174804 4945.635796 4112.112231 3419.754784 2869.851357 2397.678481 2049.659231 1741.964180 1503.560437 1360.823044 1230.826996 1151.151931 1087.879923 
1192.544084 1280.447584 1355.288039 1451.125340 1606.424375 1775.338022 2059.745599 2365.771541 2838.440257 3400.373021 4050.771408 4873.948320 5820.186531 7011.766024 8420.323991 10075.623632 11984.487133 14153.286902 16752.829022 15889.130346 15204.702314 17966.642809 17703.288549 18068.276012 19174.357125 22920.797606 25334.157734 28713.771184 34637.507425 41628.665351 48089.458639 56628.867333 68020.586963 79853.913432 93744.658043 110734.662212 130225.615064 151127.163283 176009.606280 200385.391909 137021.686252 79353.799493 65070.717986 65452.393651 72783.621587 67359.799182 75054.022447 80252.036040 88532.356020 91425.633599 97517.349980 104506.568722 109373.858672 115942.648498 123149.000706 130221.582557 133864.731687 137209.511076 141008.399315 144800.735150 147618.807435 150015.564708 151999.490179 153223.795082 153635.174193 153223.359065 152000.994164 150014.985084 147618.683803 144801.426644 141008.018399 137529.840485 136777.363960 130221.712885 123147.835273 115940.713707 109374.788543 104506.110413 97517.360658 91425.198446 87670.700006 80252.570724 75053.927115 73903.375759 72783.398359 73076.507307 65070.774510 66928.779298 137019.492445 200398.781544 176015.971296 152032.077708 130225.615175 110734.663082 94207.864055 80557.238956 68020.589003 56628.871192 49463.879216 41628.667129 34637.492922 28605.402702 25349.464087 21057.573473 19174.376761 18078.301625 17703.288548 17982.725860 15204.702317 15889.130806 16752.829042 14176.629467 11984.487134 10075.625688 8420.323991 6995.943656 5820.197660 4873.957520 4050.771459 3349.772011 2838.440257 2365.890865 2059.745600 1775.338022 1606.466943 1451.125338 1355.288039 1280.678924 
1236.686325 1309.727084 1352.476950 1520.484894 1710.271205 2071.785300 2426.645722 2791.633005 3329.362683 4013.219768 4781.150478 5707.851466 6873.252821 8226.221311 9880.605200 11847.795993 14097.261593 13390.130150 15889.130346 15441.764422 15275.736147 15553.132590 18559.455732 19630.913607 21436.317329 25716.091747 28551.926328 32922.126881 39775.351905 48037.268085 57223.865001 68442.695100 79215.103129 94248.209657 111646.571153 130452.083002 152799.657074 178673.779405 206708.094169 235701.500775 130797.713308 73499.216271 74739.142209 83275.868284 86532.475670 91018.585214 95292.403128 102836.898685 110628.858734 116769.460845 124370.615848 133650.511974 142393.630928 151811.012647 160655.361424 168429.258694 172655.957548 178798.175202 184574.497457 189911.588424 189957.779895 192803.266846 195094.557430 196527.814840 197059.284598 196527.132546 195093.456109 192802.786343 189957.442381 189912.867949 184574.204716 178793.682309 172651.162961 169784.537534 160655.484805 151794.582202 142387.588455 133646.580446 124370.631335 116020.383371 110628.850317 102836.896502 95292.411204 91018.594499 86532.558631 83275.730105 74753.874894 83423.804553 130321.933263 235699.169613 206705.521592 178673.774291 152799.604084 130452.083702 111646.570693 94248.124355 79215.337642 68442.706374 57223.864467 48037.267498 39775.308467 34137.250112 28551.919767 25716.133696 21436.357856 19630.913576 18559.457183 15553.132434 15275.736129 15441.764404 15889.130806 13390.129620 14097.261566 11847.795979 9880.605172 8261.475285 6873.252853 5707.851467 4781.150476 4013.219764 3329.362683 2791.633005 2426.645722 2071.785300 1710.271205 1520.485041 1352.476951 1309.650159 
1336.830273 1400.633458 1459.571340 1727.571739 1917.284153 2218.193488 2608.825827 3220.858187 3916.191726 4651.950690 5602.776773 6769.699148 8144.613889 9678.788463 9297.127408 11137.068771 13267.339550 15772.059071 15204.702314 15275.736147 15699.014047 16570.847831 18034.490471 20194.010043 24339.690456 27923.562812 33636.820071 39854.212477 47198.856182 55944.328936 66744.478309 78734.722064 93557.019240 111015.311767 130840.793495 153092.493265 179631.356484 208892.047374 239895.425027 271064.696028 107431.651988 92991.968112 95086.952634 95996.320958 103098.798516 111919.904801 123022.776470 130660.357319 141542.252156 150608.611775 162154.361613 173559.200949 185731.391964 197403.339907 207805.972607 215732.689896 225074.159945 233951.919052 241538.458878 248527.133496 259169.219525 257627.230661 260954.742319 263023.308966 263729.370663 263023.712078 260956.392454 257625.792006 259167.547098 248529.416119 241538.213701 233651.904031 225064.649635 215812.323355 207802.505659 197405.490158 185250.029412 173559.991796 162155.018871 150609.145746 141542.794725 130625.397647 123022.884417 111919.910606 103098.782578 95619.506990 95084.908268 92826.913705 127884.339437 271064.713472 239895.433206 208892.036831 179631.388758 153092.499495 130840.793323 111015.310164 93925.398676 78734.750384 66744.478120 55944.326024 47342.409255 39854.217062 33636.819953 27923.562810 24339.661939 21676.822894 18034.490475 16586.040265 15699.014050 15275.736129 15204.702317 15772.059071 13267.339485 11160.704758 9297.127395 9678.788464 8144.610638 6769.518054 5602.873197 4651.950691 3916.191726 3220.858187 2633.778959 2218.193488 1917.284153 1727.571739 1459.661948 1400.633437 
1491.509560 1598.914782 1679.422005 1888.407393 2149.736359 2511.561482 3020.592367 3630.412435 4359.573443 5453.428837 6569.380107 7873.214884 9480.629090 9167.345074 10989.063430 10605.544632 12706.261985 15137.068707 17966.642809 15553.132590 16570.847831 18090.338405 20272.389554 23207.608394 27010.922601 32588.900932 38419.643967 45968.251256 55062.460948 65937.736435 78865.297242 92696.813883 110125.681444 130731.802421 153401.729947 178182.335912 208368.590085 243039.560245 276363.337586 313671.169759 115578.279430 108329.881320 114607.091018 120370.692128 130827.410463 143052.416700 157074.192471 166302.465725 180204.912498 194233.302715 209540.832558 225177.158060 239771.429069 253855.258716 265911.371820 278833.711182 291766.755810 302787.376429 313419.137851 322822.397421 330438.065181 343983.719186 348191.623132 351074.270253 352037.080512 351067.333367 348202.380878 343980.764965 330439.582950 322893.178296 313418.598163 302784.683591 291121.899439 278959.918047 265703.999284 254311.699653 239289.122313 225177.262284 209540.673245 194236.629241 180188.810397 166303.264660 157074.177102 143051.408210 131340.225252 120370.385007 120777.036446 108333.742502 115625.668048 313675.758871 276368.527470 243042.629987 208368.596157 178182.371430 152861.963599 130731.783762 110125.679461 93285.923458 79111.117399 65937.731379 55062.484953 45976.296186 38419.656309 32588.907066 27005.722945 23207.608509 20272.389381 18090.338392 16586.040265 15553.132434 17982.725860 15137.068458 12706.261984 10605.544632 10989.064135 9167.345096 9480.629099 7873.214884 6569.380105 5453.450804 4359.573443 3630.412435 3020.661387 2511.561482 2149.736352 1888.407393 1679.422001 1598.914786 
1750.901744 1819.750679 1899.815082 2133.701943 2486.041196 2922.617850 3466.171662 4218.314210 5087.585142 6149.709737 7478.379347 7460.547669 8970.132510 10718.733694 10496.567560 12576.521933 12479.441158 14887.811495 17703.288549 18559.455732 18034.490471 20272.389554 23234.518700 27011.004352 32429.695897 37703.465900 45459.004479 53895.352582 64716.573112 77244.624593 92161.121731 109963.621739 129632.995060 152711.186227 178613.698330 206225.539266 241196.630830 279729.920853 313592.561968 353473.908517 143967.548663 137597.786416 142012.140172 152475.419703 166805.871287 181738.216255 198355.686252 216253.691872 231716.539409 249830.812864 269207.301398 288182.916092 307029.997191 324608.410194 334466.157815 350927.506507 367337.059707 381377.368061 394156.074109 406095.085959 403995.723969 424748.896865 417351.949241 420791.848338 405606.298087 404240.591201 417374.322170 424744.756290 416707.361960 406671.289748 394156.898587 380682.660988 367563.138163 351432.071664 334832.576196 324601.862478 307034.463095 288181.933913 269209.347045 249975.255233 231749.849642 216255.482683 198355.350260 181735.027400 166807.483920 152044.789269 142012.172479 137652.758520 132125.152130 354430.128779 313594.056814 279730.597779 241196.641578 206225.514176 178613.698815 153157.076017 129632.960054 109963.621671 92161.118579 77245.200981 64717.567690 53895.375021 45030.919514 37703.506333 32429.695898 27019.049189 23234.518699 20272.389381 18034.490475 18559.457183 17703.288548 14887.811495 12479.441175 12576.534562 10496.567617 10718.768474 8919.728513 7460.547669 7478.379346 6149.709745 5087.585142 4218.314210 3466.171662 2922.617999 2486.041196 2133.701954 1899.930015 1819.750679 
1993.353038 2062.176170 2227.687116 2484.072406 2844.892902 3405.311182 4044.013925 4863.746731 5875.293460 7172.472142 7082.969811 8575.445516 8533.027479 10331.239826 12387.341094 12383.962537 14810.954330 15156.017977 18068.276012 19630.913607 20194.010043 23207.608394 27011.004352 31777.923717 37101.823003 44818.861935 53566.313899 63792.360305 76301.803862 90869.514599 108804.676092 128637.022232 150772.890264 178380.812712 206644.322304 237303.180150 275962.420522 308908.670930 354543.128101 330483.364210 164170.661189 161598.259574 173391.606245 190771.789915 207210.402076 227576.930848 250755.091780 272101.298631 285857.440870 308039.963852 331748.878280 356185.610702 382255.381372 388583.903330 405083.444865 383703.609924 399462.429735 416171.742841 431069.421331 381903.086771 311229.996054 286037.066757 265944.888401 268883.236343 239329.090255 271790.549280 265965.057921 286034.773252 308682.842704 356405.533121 431066.251882 416287.297354 399485.459880 383927.469437 404231.116984 388643.003385 383487.196222 357625.600561 331745.633447 308038.090757 286395.581096 272104.494226 250754.156040 227570.778161 207213.524684 190793.738866 175420.285818 160303.597885 156922.378541 330480.263941 354537.696146 319834.629382 275960.483826 237303.177481 206644.373466 178388.381344 151182.575396 128636.910133 108804.669225 91069.140686 76301.745428 63629.306175 53566.210452 44818.808588 37481.539915 31737.548845 27019.049189 23207.608509 21676.822894 19630.913576 18078.301625 15156.017976 14810.953623 12383.961883 12345.695261 10331.572045 8533.061620 8575.445511 7082.969810 7172.472141 5880.068138 4863.764939 4044.013925 3391.794889 2844.892831 2501.126971 2227.687135 2062.120550 
