0.004028 0.005222 0.007133 0.009995 0.014149 0.020209 0.028702 0.040526 0.056884 0.079374 0.110099 0.151807 0.208070 0.283486 0.383937 0.516883 0.691718 0.920171 1.216775 1.599387 2.089766 2.714200 3.504174 4.497054 5.736787 7.274563 9.169421 11.488760 14.308698 17.714224 21.799106 26.665469 32.423000 39.187730 47.080324 56.223869 66.741119 78.751213 92.365888 107.685225 124.793045 143.752037 164.598781 187.338849 211.942164 238.338848 266.415783 296.014109 326.927867 358.903980 391.643719 424.805745 458.010786 490.847903 522.882250 553.664167 582.739343 609.659762 633.995062 655.343905 673.344957 687.687049 698.118118 704.452580 706.576818 704.452580 698.118118 687.687049 673.344957 655.343905 633.995062 609.659762 582.739343 553.664167 522.882250 490.847903 458.010786 424.805745 391.643719 358.903980 326.927867 296.014109 266.415783 238.338848 211.942164 187.338849 164.598781 143.752037 124.793045 107.685225 92.365888 78.751213 66.741119 56.223869 47.080324 39.187730 32.423000 26.665469 21.799106 17.714224 14.308698 11.488760 9.169421 7.274563 5.736787 4.497054 3.504174 2.714200 2.089766 1.599387 1.216775 0.920171 0.691718 0.516883 0.383937 0.283486 0.208070 0.151807 0.110099 0.079374 0.056884 0.040526 0.028702 0.020209 0.014149 0.009995 0.007133 0.005222 
0.005222 0.006770 0.009247 0.012959 0.018344 0.026201 0.037211 0.052540 0.073748 0.102907 0.142740 0.196814 0.269757 0.367532 0.497764 0.670125 0.896793 1.192976 1.577515 2.073561 2.709323 3.518885 4.543064 5.830306 7.437586 9.431269 11.887900 14.894859 18.550830 22.966001 28.261937 34.571041 42.035521 50.805806 61.038336 72.892688 86.528011 102.098766 119.749814 139.610911 161.790726 186.370533 213.397759 242.879627 274.777143 308.999712 345.400681 383.774090 423.852921 465.309066 507.755230 550.748878 593.798294 636.370706 677.902350 717.810252 755.505412 790.406990 821.957032 849.635215 872.973080 891.567205 905.090798 913.303251 916.057267 913.303251 905.090798 891.567205 872.973080 849.635215 821.957032 790.406990 755.505412 717.810252 677.902350 636.370706 593.798294 550.748878 507.755230 465.309066 423.852921 383.774090 345.400681 308.999712 274.777143 242.879627 213.397759 186.370533 161.790726 139.610911 119.749814 102.098766 86.528011 72.892688 61.038336 50.805806 42.035521 34.571041 28.261937 22.966001 18.550830 14.894859 11.887900 9.431269 7.437586 5.830306 4.543064 3.518885 2.709323 2.073561 1.577515 1.192976 0.896793 0.670125 0.497764 0.367532 0.269757 0.196814 0.142740 0.102907 0.073748 0.052540 0.037211 0.026201 0.018344 0.012959 0.009247 0.006770 
0.007133 0.009247 0.012631 0.017700 0.025055 0.035787 0.050826 0.071764 0.100731 0.140558 0.194966 0.268824 0.368456 0.502005 0.679886 0.915311 1.224913 1.629464 2.154699 2.832239 3.700616 4.806382 6.205289 7.963509 10.158864 12.881999 16.237467 20.344618 25.338242 31.368844 38.602467 47.219958 57.415556 69.394729 83.371155 99.562800 118.187040 139.454852 163.564098 190.692010 220.987016 254.560129 291.476127 331.744876 375.313114 422.057100 471.776522 524.190066 578.933014 635.557210 693.533655 752.257899 811.058315 869.207200 925.934519 980.443997 1031.931133 1079.602565 1122.696195 1160.501323 1192.378090 1217.775468 1236.247097 1247.464338 1251.225999 1247.464338 1236.247097 1217.775468 1192.378090 1160.501323 1122.696195 1079.602565 1031.931133 980.443997 925.934519 869.207200 811.058315 752.257899 693.533655 635.557210 578.933014 524.190066 471.776522 422.057100 375.313114 331.744876 291.476127 254.560129 220.987016 190.692010 163.564098 139.454852 118.187040 99.562800 83.371155 69.394729 57.415556 47.219958 38.602467 31.368844 25.338242 20.344618 16.237467 12.881999 10.158864 7.963509 6.205289 4.806382 3.700616 2.832239 2.154699 1.629464 1.224913 0.915311 0.679886 0.502005 0.368456 0.268824 0.194966 0.140558 0.100731 0.071764 0.050826 0.035787 0.025055 0.017700 0.012631 0.009247 
0.009995 0.012959 0.017700 0.024804 0.035111 0.050151 0.071225 0.100567 0.141160 0.196973 0.273217 0.376719 0.516338 0.703488 0.952764 1.282678 1.716541 2.283462 3.019503 3.968979 5.185885 6.735459 8.695827 11.159723 14.236199 18.052285 22.754494 28.510081 35.507933 43.958961 54.095853 66.172037 80.459714 97.246816 116.832785 139.523066 165.622283 195.426089 229.211759 267.227658 309.681790 356.729719 408.462226 464.893136 525.947809 591.452839 661.127519 734.577626 811.292061 890.642798 971.888518 1054.182171 1136.582570 1218.069940 1297.565187 1373.952448 1446.104326 1512.909041 1573.298618 1626.277113 1670.947856 1706.538659 1732.424014 1748.143378 1753.414809 1748.143378 1732.424014 1706.538659 1670.947856 1626.277113 1573.298618 1512.909041 1446.104326 1373.952448 1297.565187 1218.069940 1136.582570 1054.182171 971.888518 890.642798 811.292061 734.577626 661.127519 591.452839 525.947809 464.893136 408.462226 356.729719 309.681790 267.227658 229.211759 195.426089 165.622283 139.523066 116.832785 97.246816 80.459714 66.172037 54.095853 43.958961 35.507933 28.510081 22.754494 18.052285 14.236199 11.159723 8.695827 6.735459 5.185885 3.968979 3.019503 2.283462 1.716541 1.282678 0.952764 0.703488 0.516338 0.376719 0.273217 0.196973 0.141160 0.100567 0.071225 0.050151 0.035111 0.024804 0.017700 0.012959 
0.014149 0.018344 0.025055 0.035111 0.049702 0.070991 0.100823 0.142357 0.199820 0.278825 0.386753 0.533265 0.730903 0.995824 1.348686 1.815698 2.429853 3.232358 4.274263 5.618295 7.340890 9.534391 12.309394 15.797166 20.152078 25.553945 32.210167 40.357499 50.263321 62.226189 76.575485 93.669951 113.894898 137.657912 165.382867 197.502137 234.446931 276.635764 324.461133 378.274610 438.370636 504.969420 578.199466 658.080346 744.506402 837.232169 935.860293 1039.832729 1148.425991 1260.751074 1375.758604 1492.249538 1608.891577 1724.241176 1836.770821 1944.900951 2047.035676 2141.601215 2227.085793 2302.079601 2365.313355 2415.693983 2452.336044 2474.587620 2482.049604 2474.587620 2452.336044 2415.693983 2365.313355 2302.079601 2227.085793 2141.601215 2047.035676 1944.900951 1836.770821 1724.241176 1608.891577 1492.249538 1375.758604 1260.751074 1148.425991 1039.832729 935.860293 837.232169 744.506402 658.080346 578.199466 504.969420 438.370636 378.274610 324.461133 276.635764 234.446931 197.502137 165.382867 137.657912 113.894898 93.669951 76.575485 62.226189 50.263321 40.357499 32.210167 25.553945 20.152078 15.797166 12.309394 9.534391 7.340890 5.618295 4.274263 3.232358 2.429853 1.815698 1.348686 0.995824 0.730903 0.533265 0.386753 0.278825 0.199820 0.142357 0.100823 0.070991 0.049702 0.035111 0.025055 0.018344 
0.020209 0.026201 0.035787 0.050151 0.070991 0.101399 0.144009 0.203334 0.285409 0.398255 0.552412 0.761681 1.043974 1.422370 1.926375 2.593424 3.470643 4.616889 6.105078 8.024805 10.485246 13.618300 17.581933 22.563638 28.783909 36.499583 46.006894 57.644010 71.792838 88.879816 109.375412 133.792028 162.680019 196.621554 236.222065 282.099128 334.868655 395.128423 463.439050 540.302699 626.139930 721.265274 825.862281 939.958902 1063.404224 1195.847643 1336.721600 1485.229025 1640.336533 1800.774332 1965.043562 2131.431589 2298.035444 2462.793262 2623.523244 2777.969246 2923.851803 3058.923031 3181.023608 3288.139856 3378.458812 3450.419204 3502.756327 3534.539021 3545.197231 3534.539021 3502.756327 3450.419204 3378.458812 3288.139856 3181.023608 3058.923031 2923.851803 2777.969246 2623.523244 2462.793262 2298.035444 2131.431589 1965.043562 1800.774332 1640.336533 1485.229025 1336.721600 1195.847643 1063.404224 939.958902 825.862281 721.265274 626.139930 540.302699 463.439050 395.128423 334.868655 282.099128 236.222065 196.621554 162.680019 133.792028 109.375412 88.879816 71.792838 57.644010 46.006894 36.499583 28.783909 22.563638 17.581933 13.618300 10.485246 8.024805 6.105078 4.616889 3.470643 2.593424 1.926375 1.422370 1.043974 0.761681 0.552412 0.398255 0.285409 0.203334 0.144009 0.101399 0.070991 0.050151 0.035787 0.026201 
0.028702 0.037211 0.050826 0.071225 0.100823 0.144009 0.204524 0.288779 0.405343 0.565609 0.784546 1.081754 1.482672 2.020077 2.735874 3.683229 4.929073 6.556993 8.670546 11.396979 14.891343 19.340965 24.970191 32.045302 40.879447 51.837393 65.339853 81.867104 101.961534 126.228781 155.337011 190.013946 231.041213 279.245617 335.487005 400.642469 475.586741 561.168793 658.184826 767.348021 889.255665 1024.354462 1172.905092 1334.947251 1510.266612 1698.365239 1898.437073 2109.350101 2329.636692 2557.493461 2790.791701 3027.099096 3263.713013 3497.705156 3725.976888 3945.323995 4152.509138 4344.339827 4517.749356 4669.877859 4798.150533 4900.350030 4974.680194 5019.818572 5034.955561 5019.818572 4974.680194 4900.350030 4798.150533 4669.877859 4517.749356 4344.339827 4152.509138 3945.323995 3725.976888 3497.705156 3263.713013 3027.099096 2790.791701 2557.493461 2329.636692 2109.350101 1898.437073 1698.365239 1510.266612 1334.947251 1172.905092 1024.354462 889.255665 767.348021 658.184826 561.168793 475.586741 400.642469 335.487005 279.245617 231.041213 190.013946 155.337011 126.228781 101.961534 81.867104 65.339853 51.837393 40.879447 32.045302 24.970191 19.340965 14.891343 11.396979 8.670546 6.556993 4.929073 3.683229 2.735874 2.020077 1.482672 1.081754 0.784546 0.565609 0.405343 0.288779 0.204524 0.144009 0.100823 0.071225 0.050826 0.037211 
0.040526 0.052540 0.071764 0.100567 0.142357 0.203334 0.288779 0.407743 0.572327 0.798616 1.107745 1.527389 2.093468 2.852260 3.862934 5.200558 6.959635 9.258186 12.242431 16.092034 21.025923 27.308594 35.256813 45.246560 57.719985 73.192123 92.257005 115.592757 143.965211 178.229499 219.329041 268.291351 326.220052 394.282554 473.692926 565.689582 671.507604 792.345705 929.328086 1083.461726 1255.589969 1446.343542 1656.090511 1884.886928 2132.430171 2398.017175 2680.509825 2978.309763 3289.344761 3611.068518 3940.475393 4274.131064 4608.219530 4938.606165 5260.915832 5570.624320 5863.160648 6134.017162 6378.863795 6593.662565 6774.777950 6919.079155 7024.029954 7087.763371 7109.136135 7087.763371 7024.029954 6919.079155 6774.777950 6593.662565 6378.863795 6134.017162 5863.160648 5570.624320 5260.915832 4938.606165 4608.219530 4274.131064 3940.475393 3611.068518 3289.344761 2978.309763 2680.509825 2398.017175 2132.430171 1884.886928 1656.090511 1446.343542 1255.589969 1083.461726 929.328086 792.345705 671.507604 565.689582 473.692926 394.282554 326.220052 268.291351 219.329041 178.229499 143.965211 115.592757 92.257005 73.192123 57.719985 45.246560 35.256813 27.308594 21.025923 16.092034 12.242431 9.258186 6.959635 5.200558 3.862934 2.852260 2.093468 1.527389 1.107745 0.798616 0.572327 0.407743 0.288779 0.203334 0.142357 0.100567 0.071764 0.052540 
0.056884 0.073748 0.100731 0.141160 0.199820 0.285409 0.405343 0.572327 0.803345 1.120975 1.554883 2.143915 2.938490 4.003567 5.422196 7.299749 9.768872 12.995227 17.184053 22.587539 29.512978 38.331631 49.488128 63.510208 81.018496 102.735919 129.496288 162.251451 202.076367 250.171339 307.860597 376.586406 457.897865 553.433607 664.897754 794.028603 942.559774 1112.173838 1304.448774 1520.798028 1762.405355 2030.156075 2324.566823 2645.716275 2993.179657 3365.970114 3762.490133 4180.496185 4617.079592 5068.666246 5531.037286 5999.372137 6468.314469 6932.060746 7384.469811 7819.191266 8229.808927 8609.995909 8953.674211 9255.175899 9509.397990 9711.945969 9859.260044 9948.719263 9978.719083 9948.719263 9859.260044 9711.945969 9509.397990 9255.175899 8953.674211 8609.995909 8229.808927 7819.191266 7384.469811 6932.060746 6468.314469 5999.372137 5531.037286 5068.666246 4617.079592 4180.496185 3762.490133 3365.970114 2993.179657 2645.716275 2324.566823 2030.156075 1762.405355 1520.798028 1304.448774 1112.173838 942.559774 794.028603 664.897754 553.433607 457.897865 376.586406 307.860597 250.171339 202.076367 162.251451 129.496288 102.735919 81.018496 63.510208 49.488128 38.331631 29.512978 22.587539 17.184053 12.995227 9.768872 7.299749 5.422196 4.003567 2.938490 2.143915 1.554883 1.120975 0.803345 0.572327 0.405343 0.285409 0.199820 0.141160 0.100731 0.073748 
0.079374 0.102907 0.140558 0.196973 0.278825 0.398255 0.565609 0.798616 1.120975 1.564189 2.169657 2.991582 4.100319 5.586509 7.566040 10.185945 13.631317 18.133318 23.978335 31.518266 41.181906 53.487304 69.054889 88.621060 113.051826 143.355948 180.696910 226.402904 281.973913 349.084816 429.583421 525.482243 638.942864 772.251807 927.786975 1107.973957 1315.231818 1551.908387 1820.205549 2122.095606 2459.230346 2832.845129 3243.660860 3691.787323 4176.631794 4696.817234 5250.114500 5833.393009 6442.594041 7072.730337 7717.914992 8371.421447 9025.775586 9672.879077 10304.162952 10910.765839 11483.734898 12014.241312 12493.804147 12914.514456 13269.251636 13551.883628 13757.443175 13882.273041 13924.134278 13882.273041 13757.443175 13551.883628 13269.251636 12914.514456 12493.804147 12014.241312 11483.734898 10910.765839 10304.162952 9672.879077 9025.775586 8371.421447 7717.914992 7072.730337 6442.594041 5833.393009 5250.114500 4696.817234 4176.631794 3691.787323 3243.660860 2832.845129 2459.230346 2122.095606 1820.205549 1551.908387 1315.231818 1107.973957 927.786975 772.251807 638.942864 525.482243 429.583421 349.084816 281.973913 226.402904 180.696910 143.355948 113.051826 88.621060 69.054889 53.487304 41.181906 31.518266 23.978335 18.133318 13.631317 10.185945 7.566040 5.586509 4.100319 2.991582 2.169657 1.564189 1.120975 0.798616 0.565609 0.398255 0.278825 0.196973 0.140558 0.102907 
0.110099 0.142740 0.194966 0.273217 0.386753 0.552412 0.784546 1.107745 1.554883 2.169657 3.009492 4.149569 5.687477 7.748944 10.494716 14.128738 18.907749 25.152392 33.259908 43.718408 57.122666 74.191257 95.784768 122.924645 156.812112 198.846404 250.641366 314.039312 391.120838 484.209139 595.867276 728.886771 886.265916 1071.176304 1286.916279 1536.850334 1824.333908 2152.623631 2524.773700 2943.519855 3411.153263 3929.387469 4499.222429 5120.810417 5793.329282 6514.868956 7282.337435 8091.392333 8936.403900 9810.454402 10705.378192 11611.844837 12519.487436 13417.073000 14292.715276 15134.122992 15928.877854 16664.733578 17329.926383 17913.485929 18405.535359 18797.569008 19082.696881 19255.846097 19313.911051 19255.846097 19082.696881 18797.569008 18405.535359 17913.485929 17329.926383 16664.733578 15928.877854 15134.122992 14292.715276 13417.073000 12519.487436 11611.844837 10705.378192 9810.454402 8936.403900 8091.392333 7282.337435 6514.868956 5793.329282 5120.810417 4499.222429 3929.387469 3411.153263 2943.519855 2524.773700 2152.623631 1824.333908 1536.850334 1286.916279 1071.176304 886.265916 728.886771 595.867276 484.209139 391.120838 314.039312 250.641366 198.846404 156.812112 122.924645 95.784768 74.191257 57.122666 43.718408 33.259908 25.152392 18.907749 14.128738 10.494716 7.748944 5.687477 4.149569 3.009492 2.169657 1.554883 1.107745 0.784546 0.552412 0.386753 0.273217 0.194966 0.142740 
0.151807 0.196814 0.268824 0.376719 0.533265 0.761681 1.081754 1.527389 2.143915 2.991582 4.149569 5.721538 7.842048 10.684453 14.470398 19.481086 26.070515 34.680798 45.859660 60.280122 78.762275 102.296910 132.070627 169.491822 216.216777 274.174794 345.591087 433.005889 539.287979 667.640644 821.597901 1005.008774 1222.007391 1476.966830 1774.434938 2119.050765 2515.440885 2968.095625 3481.226196 4058.604708 4703.390287 5417.945613 6203.649451 7060.711765 7987.998947 8982.877332 10041.083606 11156.630376 12321.755156 13526.919434 14760.864518 16010.725427 17262.207570 18499.822786 19707.181130 20867.336834 21963.166311 22977.784069 23894.917559 24699.545634 25377.996523 25918.543149 26311.017032 26549.806022 26629.865477 26549.806022 26311.017032 25918.543149 25377.996523 24699.545634 23894.917559 22977.784069 21963.166311 20867.336834 19707.181130 18499.822786 17262.207570 16010.725427 14760.864518 13526.919434 12321.755156 11156.630376 10041.083606 8982.877332 7987.998947 7060.711765 6203.649451 5417.945613 4703.390287 4058.604708 3481.226196 2968.095625 2515.440885 2119.050765 1774.434938 1476.966830 1222.007391 1005.008774 821.597901 667.640644 539.287979 433.005889 345.591087 274.174794 216.216777 169.491822 132.070627 102.296910 78.762275 60.280122 45.859660 34.680798 26.070515 19.481086 14.470398 10.684453 7.842048 5.721538 4.149569 2.991582 2.143915 1.527389 1.081754 0.761681 0.533265 0.376719 0.268824 0.196814 
0.208070 0.269757 0.368456 0.516338 0.730903 1.043974 1.482672 2.093468 2.938490 4.100319 5.687477 7.842048 10.748459 14.644314 19.833400 26.701144 35.732741 47.534157 62.856116 82.621074 107.953062 140.210078 181.018497 232.308694 296.350800 375.789154 473.673675 593.486053 739.158295 915.080882 1126.097608 1377.484017 1674.906422 2024.358647 2432.074056 2904.411021 3447.710809 4068.127950 4771.434406 5562.800306 6446.555603 7425.938636 8502.839163 9677.544967 10948.502283 12312.101414 13762.498929 15291.488412 16888.429314 18540.250417 20231.518831 21944.601778 23659.851022 25356.147196 27010.974191 28601.103447 30102.353292 31492.972775 32750.053773 33852.864544 34782.684042 35523.547212 36062.380410 36389.596933 36499.326879 36389.596933 36062.380410 35523.547212 34782.684042 33852.864544 32750.053773 31492.972775 30102.353292 28601.103447 27010.974191 25356.147196 23659.851022 21944.601778 20231.518831 18540.250417 16888.429314 15291.488412 13762.498929 12312.101414 10948.502283 9677.544967 8502.839163 7425.938636 6446.555603 5562.800306 4771.434406 4068.127950 3447.710809 2904.411021 2432.074056 2024.358647 1674.906422 1377.484017 1126.097608 915.080882 739.158295 593.486053 473.673675 375.789154 296.350800 232.308694 181.018497 140.210078 107.953062 82.621074 62.856116 47.534157 35.732741 26.701144 19.833400 14.644314 10.748459 7.842048 5.687477 4.100319 2.938490 2.093468 1.482672 1.043974 0.730903 0.516338 0.368456 0.269757 
0.283486 0.367532 0.502005 0.703488 0.995824 1.422370 2.020077 2.852260 4.003567 5.586509 7.748944 10.684453 14.644314 19.952249 27.022157 36.379164 48.684326 64.763250 85.638762 112.567669 147.081416 191.030217 246.629937 316.510630 403.765254 511.996603 645.360063 808.599290 1007.071471 1246.758449 1534.259686 1876.762886 2281.988154 2758.101820 3313.596576 3957.135430 4697.358086 5542.649828 6500.874705 7579.076797 8783.155482 10117.522850 11584.753610 13185.239875 14916.864721 16774.709036 18750.813171 20833.995668 23009.760613 25260.236359 27564.513055 29898.511293 32235.537252 34545.905773 36800.486319 38966.920879 41013.235098 42907.837958 44620.555752 46123.086774 47390.000398 48399.395491 49133.533863 49579.353075 49728.856912 49579.353075 49133.533863 48399.395491 47390.000398 46123.086774 44620.555752 42907.837958 41013.235098 38966.920879 36800.486319 34545.905773 32235.537252 29898.511293 27564.513055 25260.236359 23009.760613 20833.995668 18750.813171 16774.709036 14916.864721 13185.239875 11584.753610 10117.522850 8783.155482 7579.076797 6500.874705 5542.649828 4697.358086 3957.135430 3313.596576 2758.101820 2281.988154 1876.762886 1534.259686 1246.758449 1007.071471 808.599290 645.360063 511.996603 403.765254 316.510630 246.629937 191.030217 147.081416 112.567669 85.638762 64.763250 48.684326 36.379164 27.022157 19.952249 14.644314 10.684453 7.748944 5.586509 4.003567 2.852260 2.020077 1.422370 0.995824 0.703488 0.502005 0.367532 
0.383937 0.497764 0.679886 0.952764 1.348686 1.926375 2.735874 3.862934 5.422196 7.566040 10.494716 14.470398 19.833400 27.022157 36.597226 49.269807 65.935199 87.711551 115.984121 152.455055 199.198451 258.720132 334.021134 428.663450 546.835999 693.418196 874.037852 1095.119494 1363.918585 1688.536583 2077.911411 2541.777674 3090.591032 3735.411480 4487.741026 5359.312338 6361.826526 7506.640127 8804.403749 10264.657478 11895.391089 13702.580044 15689.711424 17857.315130 20202.526262 22718.682795 25395.002683 28216.277812 31163.001182 34210.989328 37331.767049 40491.964777 43657.030067 46787.025424 49840.501976 52774.532518 55545.939731 58111.958471 60431.515786 62466.457622 64182.293857 65548.718610 66542.985652 67146.772840 67349.202088 67146.772840 66542.985652 65548.718610 64182.293857 62466.457622 60431.515786 58111.958471 55545.939731 52774.532518 49840.501976 46787.025424 43657.030067 40491.964777 37331.767049 34210.989328 31163.001182 28216.277812 25395.002683 22718.682795 20202.526262 17857.315130 15689.711424 13702.580044 11895.391089 10264.657478 8804.403749 7506.640127 6361.826526 5359.312338 4487.741026 3735.411480 3090.591032 2541.777674 2077.911411 1688.536583 1363.918585 1095.119494 874.037852 693.418196 546.835999 428.663450 334.021134 258.720132 199.198451 152.455055 115.984121 87.711551 65.935199 49.269807 36.597226 27.022157 19.833400 14.470398 10.494716 7.566040 5.422196 3.862934 2.735874 1.926375 1.348686 0.952764 0.679886 0.497764 
0.516883 0.670125 0.915311 1.282678 1.815698 2.593424 3.683229 5.200558 7.299749 10.185945 14.128738 19.481086 26.701144 36.379164 49.269807 66.330543 88.766687 118.083572 156.146130 205.245913 268.175221 348.307570 449.683172 577.097435 736.189784 933.529235 1176.692351 1474.328292 1836.204879 2273.228875 2797.433154 3421.923138 4160.774984 5028.878452 6041.718366 7215.090085 8564.746481 10105.976536 11853.118866 13819.017017 16014.427372 18447.393420 21122.611887 24040.796608 27198.087561 30585.448884 34188.495992 37986.779897 41953.870400 46056.408026 50257.739588 54513.263178 58774.307000 62988.011896 67098.422764 71048.508066 74778.892777 78233.423041 81332.861835 84072.556064 86382.444978 88222.946920 89263.168427 90096.646685 90368.315866 90096.646685 89263.168427 88222.946920 86382.444978 84072.556064 81332.861835 78233.423041 74778.892777 71048.508066 67098.422764 62988.011896 58774.307000 54513.263178 50257.739588 46056.408026 41953.870400 37986.779897 34188.495992 30585.448884 27198.087561 24040.796608 21122.611887 18447.393420 16014.427372 13819.017017 11853.118866 10105.976536 8564.746481 7215.090085 6041.718366 5028.878452 4160.774984 3421.923138 2797.433154 2273.228875 1836.204879 1474.328292 1176.692351 933.529235 736.189784 577.097435 449.683172 348.307570 268.175221 205.245913 156.146130 118.083572 88.766687 66.330543 49.269807 36.379164 26.701144 19.481086 14.128738 10.185945 7.299749 5.200558 3.683229 2.593424 1.815698 1.282678 0.915311 0.670125 
0.691718 0.896793 1.224913 1.716541 2.429853 3.470643 4.929073 6.959635 9.768872 13.631317 18.907749 26.070515 35.732741 48.684326 65.935199 88.766687 118.791801 158.025051 208.962177 274.669841 358.884832 466.121753 601.787403 772.299230 985.204176 1249.293213 1574.705658 1973.016226 2457.296682 3042.142976 3743.658068 4579.380260 5568.146933 6729.884274 8085.314808 9655.576637 11461.751002 13524.298352 15862.407295 18493.265662 21431.266888 24687.179176 28267.283747 32172.537060 36397.694992 40930.907595 45752.677130 50835.720732 56143.245427 61634.518946 67256.872730 72951.805384 78629.140578 84266.388516 89766.562572 95051.789810 99725.709187 104333.200915 108498.349109 112152.464690 115208.796405 117662.734836 119447.500978 120531.341795 120894.396101 120531.341795 119447.500978 117662.734836 115208.796405 112152.464690 108498.349109 104333.200915 99725.709187 95051.789810 89766.562572 84266.388516 78629.140578 72951.805384 67256.872730 61634.518946 56143.245427 50835.720732 45752.677130 40930.907595 36397.694992 32172.537060 28267.283747 24687.179176 21431.266888 18493.265662 15862.407295 13524.298352 11461.751002 9655.576637 8085.314808 6729.884274 5568.146933 4579.380260 3743.658068 3042.142976 2457.296682 1973.016226 1574.705658 1249.293213 985.204176 772.299230 601.787403 466.121753 358.884832 274.669841 208.962177 158.025051 118.791801 88.766687 65.935199 48.684326 35.732741 26.070515 18.907749 13.631317 9.768872 6.959635 4.929073 3.470643 2.429853 1.716541 1.224913 0.896793 
0.920171 1.192976 1.629464 2.283462 3.232358 4.616889 6.556993 9.258186 12.995227 18.133318 25.152392 34.680798 47.534157 64.763250 87.711551 118.083572 158.025051 210.215827 277.975906 365.384775 477.413368 620.067318 800.539128 1027.365725 1310.586575 1661.896035 2094.782123 2624.642325 3268.865604 4046.868499 4980.072281 6091.807606 7407.133261 8952.556433 10755.643654 12844.514290 15247.212061 17990.954865 21101.267374 24601.016558 28509.350125 32840.588546 37603.011400 42798.039872 48418.732541 54448.673535 60861.882161 67623.556742 74685.676978 81963.915014 89441.401618 97014.728856 104598.689047 111758.310854 119052.510762 126061.286775 132681.931001 138785.403740 144302.099998 149161.863540 153259.094756 156233.173615 158603.807390 160043.441213 160504.330536 160043.441213 158603.807390 156233.173615 153259.094756 149161.863540 144302.099998 138785.403740 132681.931001 126061.286775 119052.510762 111758.310854 104598.689047 97014.728856 89441.401618 81963.915014 74685.676978 67623.556742 60861.882161 54448.673535 48418.732541 42798.039872 37603.011400 32840.588546 28509.350125 24601.016558 21101.267374 17990.954865 15247.212061 12844.514290 10755.643654 8952.556433 7407.133261 6091.807606 4980.072281 4046.868499 3268.865604 2624.642325 2094.782123 1661.896035 1310.586575 1027.365725 800.539128 620.067318 477.413368 365.384775 277.975906 210.215827 158.025051 118.083572 87.711551 64.763250 47.534157 34.680798 25.152392 18.133318 12.995227 9.258186 6.556993 4.616889 3.232358 2.283462 1.629464 1.192976 
1.216775 1.577515 2.154699 3.019503 4.274263 6.105078 8.670546 12.242431 17.184053 23.978335 33.259908 45.859660 62.856116 85.638762 115.984121 156.146130 208.962177 277.975906 367.577483 483.161356 631.300771 819.937193 1058.581521 1358.522443 1733.035503 2197.584567 2770.005324 3470.658421 4322.537903 5351.318957 6585.327695 8055.415078 9794.717237 11838.285568 14222.572292 16984.760645 20161.933844 23790.081609 27902.960655 32530.803364 37698.932570 43426.197657 49723.813747 56592.893162 64025.297812 71998.347577 80479.902353 89392.008575 98728.288613 108384.627860 118272.062755 127915.676856 137914.776352 147777.787852 157423.591190 166663.331152 175105.587508 183194.725111 190507.734866 196899.788329 202308.267060 206617.402388 209751.094099 211654.295901 212292.528483 211654.295901 209751.094099 206617.402388 202308.267060 196899.788329 190507.734866 183194.725111 175105.587508 166663.331152 157423.591190 147777.787852 137914.776352 127915.676856 118272.062755 108384.627860 98728.288613 89392.008575 80479.902353 71998.347577 64025.297812 56592.893162 49723.813747 43426.197657 37698.932570 32530.803364 27902.960655 23790.081609 20161.933844 16984.760645 14222.572292 11838.285568 9794.717237 8055.415078 6585.327695 5351.318957 4322.537903 3470.658421 2770.005324 2197.584567 1733.035503 1358.522443 1058.581521 819.937193 631.300771 483.161356 367.577483 277.975906 208.962177 156.146130 115.984121 85.638762 62.856116 45.859660 33.259908 23.978335 17.184053 12.242431 8.670546 6.105078 4.274263 3.019503 2.154699 1.577515 
1.599387 2.073561 2.832239 3.968979 5.618295 8.024805 11.396979 16.092034 22.587539 31.518266 43.718408 60.280122 82.621074 112.567669 152.455055 205.245913 274.669841 365.384775 483.161356 635.090307 829.811812 1077.764511 1391.449987 1785.706626 2277.984434 2888.609857 3641.026973 4561.998785 5681.749764 7034.028598 8656.068476 10588.421374 12874.642996 15560.806579 18694.826647 22325.578621 26501.804838 31270.815932 36676.980067 42760.038063 49553.178187 57080.948908 65358.787161 74388.433293 84156.726244 94607.281602 105753.085443 117502.470040 129773.652467 142073.485294 155006.842833 168133.136650 181276.777221 193915.358818 206556.420505 218717.651433 230180.480065 240814.259670 249517.264208 257956.865315 264797.378503 270459.871434 263211.653647 266495.057592 267297.898076 266495.057592 263211.653647 270459.871434 264797.378498 257956.865239 249517.264202 240814.259670 230180.480065 218717.651433 206556.420505 193915.358818 181276.777221 168133.136650 155006.842833 142073.485294 129773.652467 117502.470040 105753.085443 94607.281602 84156.726244 74388.433293 65358.787161 57080.948908 49553.178187 42760.038063 36676.980067 31270.815932 26501.804838 22325.578621 18694.826647 15560.806579 12874.642996 10588.421374 8656.068476 7034.028598 5681.749764 4561.998785 3641.026973 2888.609857 2277.984434 1785.706626 1391.449987 1077.764511 829.811812 635.090307 483.161356 365.384775 274.669841 205.245913 152.455055 112.567669 82.621074 60.280122 43.718408 31.518266 22.587539 16.092034 11.396979 8.024805 5.618295 3.968979 2.832239 2.073561 
2.089766 2.709323 3.700616 5.185885 7.340890 10.485246 14.891343 21.025923 29.512978 41.181906 57.122666 78.762275 107.953062 147.081416 199.198451 268.175221 358.884832 477.413368 631.300771 829.811812 1084.235794 1408.211892 1818.074725 2333.212198 2976.424567 3774.270453 4757.381994 5960.727850 7423.799446 9190.692969 11310.057469 13834.878334 16822.065650 20331.818903 24426.743427 29170.698330 34627.374878 40858.587023 47922.305087 55870.353285 64745.816328 74582.258939 85398.123740 97194.917422 109924.537480 123615.663575 138178.075866 153530.462116 169071.400510 185610.114196 202543.556621 219342.104324 235507.012461 252416.349484 268890.575992 284706.137219 287580.730191 300584.837535 311725.295410 322246.178627 330196.149277 326171.698420 331153.327820 334178.744066 334342.890132 334178.744066 331153.327819 326171.697962 330196.117068 322245.715025 311725.256730 300584.836875 287580.730190 284706.137219 268890.575992 252416.349484 235507.012461 219342.104324 202543.556621 185610.114196 169071.400510 153530.462116 138178.075866 123615.663575 109924.537480 97194.917422 85398.123740 74582.258939 64745.816328 55870.353285 47922.305087 40858.587023 34627.374878 29170.698330 24426.743427 20331.818903 16822.065650 13834.878334 11310.057469 9190.692969 7423.799446 5960.727850 4757.381994 3774.270453 2976.424567 2333.212198 1818.074725 1408.211892 1084.235794 829.811812 631.300771 477.413368 358.884832 268.175221 199.198451 147.081416 107.953062 78.762275 57.122666 41.181906 29.512978 21.025923 14.891343 10.485246 7.340890 5.185885 3.700616 2.709323 
2.714200 3.518885 4.806382 6.735459 9.534391 13.618300 19.340965 27.308594 38.331631 53.487304 74.191257 102.296910 140.210078 191.030217 258.720132 348.307570 466.121753 620.067318 819.937193 1077.764511 1408.211892 1828.993972 2361.326255 3030.389866 3865.797912 4902.044889 6178.915999 7741.828746 9642.074828 11936.926633 14689.569838 17968.822178 21848.598814 26407.087190 31725.598457 37887.075305 44974.240453 53067.375838 62241.176177 72564.088247 84092.294130 96867.899246 110880.147304 126197.529829 142772.208159 160537.099619 178967.151475 198852.297232 219621.683986 239720.241475 261563.232907 283713.775287 305895.897490 313636.565017 334151.134788 353850.623602 360544.894820 376233.126573 390426.386443 402712.284813 403127.708537 411700.504606 417182.925895 420968.849227 422226.950189 420968.849227 417182.925579 411700.274215 403111.505733 402479.064901 390406.927831 376232.794289 360544.894271 353850.623602 334151.134788 313636.565017 305895.897490 283713.775287 261563.232907 239720.241475 219621.683986 198852.297232 178967.151475 160537.099619 142772.208159 126197.529829 110880.147304 96867.899246 84092.294130 72564.088247 62241.176177 53067.375838 44974.240453 37887.075305 31725.598457 26407.087190 21848.598814 17968.822178 14689.569838 11936.926633 9642.074828 7741.828746 6178.915999 4902.044889 3865.797912 3030.389866 2361.326255 1828.993972 1408.211892 1077.764511 819.937193 620.067318 466.121753 348.307570 258.720132 191.030217 140.210078 102.296910 74.191257 53.487304 38.331631 27.308594 19.340965 13.618300 9.534391 6.735459 4.806382 3.518885 
3.504174 4.543064 6.205289 8.695827 12.309394 17.581933 24.970191 35.256813 49.488128 69.054889 95.784768 132.070627 181.018497 246.629937 334.021134 449.683172 601.787403 800.539128 1058.581521 1391.449987 1818.074725 2361.326255 3048.594895 3912.390781 4990.945978 6328.794671 7977.301623 9995.103191 12448.419624 15411.192548 18964.997955 23198.683126 28207.676362 34092.920585 40959.393971 48914.183141 58064.081605 68512.079909 80356.494069 93684.023870 108567.540451 125022.451026 143151.773354 162911.323468 184307.809029 206730.926591 231086.419047 255636.959101 281921.833877 309491.643421 336406.301681 350782.852053 378233.928813 392710.193923 418386.079292 440955.280319 463213.598747 472440.419212 491289.263915 506178.596038 510370.293719 520557.571661 528444.044466 533238.893357 534846.846162 533238.893353 528444.021110 520548.217446 509712.436633 496709.532718 490499.216327 472426.928006 463213.576475 440955.280316 418386.079292 392710.193923 378233.928813 350782.852053 336406.301681 309491.643421 281921.833877 255636.959101 231086.419047 206730.926591 184307.809029 162911.323468 143151.773354 125022.451026 108567.540451 93684.023870 80356.494069 68512.079909 58064.081605 48914.183141 40959.393971 34092.920585 28207.676362 23198.683126 18964.997955 15411.192548 12448.419624 9995.103191 7977.301623 6328.794671 4990.945978 3912.390781 3048.594895 2361.326255 1818.074725 1391.449987 1058.581521 800.539128 601.787403 449.683172 334.021134 246.629937 181.018497 132.070627 95.784768 69.054889 49.488128 35.256813 24.970191 17.581933 12.309394 8.695827 6.205289 4.543064 
4.497054 5.830306 7.963509 11.159723 15.797166 22.563638 32.045302 45.246560 63.510208 88.621060 122.924645 169.491822 232.308694 316.510630 428.663450 577.097435 772.299230 1027.365725 1358.522443 1785.706626 2333.212198 3030.389866 3912.390781 5020.936580 6405.092087 8122.009904 10237.608606 12827.138710 15975.583461 19777.835274 24338.584079 29771.851341 36200.102995 43752.884833 52564.923085 62773.640553 74515.373348 87924.313563 103124.902545 120228.731438 139286.121006 160426.547446 183693.742460 209037.251797 235950.973039 264146.325525 294881.711421 327648.232319 360700.700948 380682.902042 415465.344122 435850.965728 469969.931147 490264.608179 521293.815873 551164.450736 579139.703428 594806.335635 616226.869415 635833.663557 642440.793142 645877.894518 641445.168823 648371.693485 649570.167392 648371.693486 641445.173780 645873.864771 642157.391775 631754.440960 615044.720372 594786.148729 579139.678342 551164.450732 521293.815873 490264.608179 469969.931147 435850.965728 415465.344122 380682.902042 360700.700948 327648.232319 294881.711421 264146.325525 235950.973039 209037.251797 183693.742460 160426.547446 139286.121006 120228.731438 103124.902545 87924.313563 74515.373348 62773.640553 52564.923085 43752.884833 36200.102995 29771.851341 24338.584079 19777.835274 15975.583461 12827.138710 10237.608606 8122.009904 6405.092087 5020.936580 3912.390781 3030.389866 2333.212198 1785.706626 1358.522443 1027.365725 772.299230 577.097435 428.663450 316.510630 232.308694 169.491822 122.924645 88.621060 63.510208 45.246560 32.045302 22.563638 15.797166 11.159723 7.963509 5.830306 
5.736787 7.437586 10.158864 14.236199 20.152078 28.783909 40.879447 57.719985 81.018496 113.051826 156.812112 216.216777 296.350800 403.765254 546.835999 736.189784 985.204176 1310.586575 1733.035503 2277.984434 2976.424567 3865.797912 4990.945978 6405.092087 8170.827092 10361.059242 13059.879331 16363.282693 20379.680477 25230.124735 31048.165973 37979.257389 46179.630004 55814.538448 67055.850839 80078.100839 95057.530158 112163.061923 131554.107293 153326.606406 177663.984656 204655.874092 234298.131590 266063.330966 299676.312127 336585.831978 374982.457981 416675.436011 441734.139716 470503.262111 501239.458203 543719.746047 581867.486631 611917.835603 651185.961602 688481.594573 712913.353218 716855.739227 745231.504064 770994.558721 808220.271696 829949.405557 846491.737139 853872.312609 856699.810227 853872.312612 846491.755572 829962.815423 809163.351859 784569.065964 747205.888461 716889.454698 712913.400637 688481.594580 651185.961602 611917.835603 581867.486631 543719.746047 501239.458203 470503.262111 441734.139716 416675.436011 374982.457981 336585.831978 299676.312127 266063.330966 234298.131590 204655.874092 177663.984656 153326.606406 131554.107293 112163.061923 95057.530158 80078.100839 67055.850839 55814.538448 46179.630004 37979.257389 31048.165973 25230.124735 20379.680477 16363.282693 13059.879331 10361.059242 8170.827092 6405.092087 4990.945978 3865.797912 2976.424567 2277.984434 1733.035503 1310.586575 985.204176 736.189784 546.835999 403.765254 296.350800 216.216777 156.812112 113.051826 81.018496 57.719985 40.879447 28.783909 20.152078 14.236199 10.158864 7.437586 
7.274563 9.431269 12.881999 18.052285 25.553945 36.499583 51.837393 73.192123 102.735919 143.355948 198.846404 274.174794 375.789154 511.996603 693.418196 933.529235 1249.293213 1661.896035 2197.584567 2888.609857 3774.270453 4902.044889 6328.794671 8122.009904 10361.059242 13138.394365 16560.647033 20749.544625 25842.558456 31993.189198 39370.786254 48159.792370 58558.316979 70775.912335 85030.476947 101543.445341 120538.237568 142229.017696 166794.361907 194403.783382 225291.375645 259476.305746 295736.240030 335926.200098 379565.063780 425447.521093 458099.689049 507697.899683 544363.147986 582426.142984 622699.486557 671708.460167 722608.746576 733357.443227 780927.580105 826445.319457 871498.712262 938643.456262 978808.771136 1012276.299645 1054285.279426 1080038.947363 1101027.735790 1110724.590755 1114343.560243 1110724.590755 1101027.736071 1080039.152055 1054299.674859 1012483.504621 978826.059202 938643.751480 871498.712749 826445.319457 780927.580105 733357.443227 722608.746576 671708.460167 622699.486557 582426.142984 544363.147986 507697.899683 458099.689049 425447.521093 379565.063780 335926.200098 295736.240030 259476.305746 225291.375645 194403.783382 166794.361907 142229.017696 120538.237568 101543.445341 85030.476947 70775.912335 58558.316979 48159.792370 39370.786254 31993.189198 25842.558456 20749.544625 16560.647033 13138.394365 10361.059242 8122.009904 6328.794671 4902.044889 3774.270453 2888.609857 2197.584567 1661.896035 1249.293213 933.529235 693.418196 511.996603 375.789154 274.174794 198.846404 143.355948 102.735919 73.192123 51.837393 36.499583 25.553945 18.052285 12.881999 9.431269 
9.169421 11.887900 16.237467 22.754494 32.210167 46.006894 65.339853 92.257005 129.496288 180.696910 250.641366 345.591087 473.673675 645.360063 874.037852 1176.692351 1574.705658 2094.782123 2770.005324 3641.026973 4757.381994 6178.915999 7977.301623 10237.608606 13059.879331 16560.647033 20874.318623 26154.328688 32573.956686 40326.686731 49625.978172 60704.322136 73811.422398 89211.383473 107177.989899 127993.253195 151935.570051 179250.497434 210182.512520 245045.457904 283903.905366 325556.335428 372065.041012 421523.481210 476944.115022 517086.224243 560082.023832 622022.857025 668340.468550 717065.323130 766842.957626 801453.959399 866262.183620 957130.831919 1019691.996797 1080678.110845 1137682.510625 1214478.083827 1264288.650066 1308159.477807 1344511.176090 1386720.577164 1411111.351544 1423623.378587 1428936.931289 1423623.378587 1411111.351545 1386720.577419 1344511.193964 1308159.735070 1264288.671531 1214478.084193 1137682.510626 1080678.110845 1019691.996797 957130.831919 866262.183620 801453.959399 766842.957626 717065.323130 668340.468550 622022.857025 560082.023832 517086.224243 476944.115022 421523.481210 372065.041012 325556.335428 283903.905366 245045.457904 210182.512520 179250.497434 151935.570051 127993.253195 107177.989899 89211.383473 73811.422398 60704.322136 49625.978172 40326.686731 32573.956686 26154.328688 20874.318623 16560.647033 13059.879331 10237.608606 7977.301623 6178.915999 4757.381994 3641.026973 2770.005324 2094.782123 1574.705658 1176.692351 874.037852 645.360063 473.673675 345.591087 250.641366 180.696910 129.496288 92.257005 65.339853 46.006894 32.210167 22.754494 16.237467 11.887900 
