0.002366 0.003239 0.004570 0.006639 0.009588 0.013768 0.019650 0.027875 0.039303 0.055081 0.076725 0.106225 0.146178 0.199939 0.271813 0.367286 0.493285 0.658492 0.873703 1.152221 1.510316 1.967702 2.548063 3.279596 4.195560 5.334810 6.742286 8.469438 10.574535 13.122819 16.186468 19.844317 24.181279 29.287440 35.256771 42.185444 50.169715 59.303394 69.674897 81.363938 94.437917 108.948092 124.925652 142.377828 161.284199 181.593366 203.220172 226.043648 249.905861 274.611803 299.930454 325.597095 351.316912 376.769862 401.616743 425.506310 448.083274 468.996913 487.910035 504.507964 518.507217 529.663545 537.779019 542.707869 544.360838 542.707869 537.779019 529.663545 518.507217 504.507964 487.910035 468.996913 448.083274 425.506310 401.616743 376.769862 351.316912 325.597095 299.930454 274.611803 249.905861 226.043648 203.220172 181.593366 161.284199 142.377828 124.925652 108.948092 94.437917 81.363938 69.674897 59.303394 50.169715 42.185444 35.256771 29.287440 24.181279 19.844317 16.186468 13.122819 10.574535 8.469438 6.742286 5.334810 4.195560 3.279596 2.548063 1.967702 1.510316 1.152221 0.873703 0.658492 0.493285 0.367286 0.271813 0.199939 0.146178 0.106225 0.076725 0.055081 0.039303 0.027875 0.019650 0.013768 0.009588 0.006639 0.004570 0.003239 
0.003239 0.004432 0.006255 0.009086 0.013122 0.018843 0.026893 0.038150 0.053791 0.075384 0.105006 0.145382 0.200061 0.273639 0.372007 0.502672 0.675116 0.901222 1.195761 1.576946 2.067039 2.693023 3.487312 4.488499 5.742100 7.301291 9.227582 11.591386 14.472450 17.960064 22.153016 27.159196 33.094820 40.083180 48.252886 57.735560 68.662940 81.163414 95.357991 111.355768 129.248990 149.107809 170.974911 194.860191 220.735702 248.531098 278.129832 309.366345 342.024488 375.837368 410.488811 445.616517 480.817001 515.652248 549.658019 582.353599 613.252732 641.875417 667.760168 690.476315 709.635878 724.904577 736.011523 742.757213 745.019488 742.757213 736.011523 724.904577 709.635878 690.476315 667.760168 641.875417 613.252732 582.353599 549.658019 515.652248 480.817001 445.616517 410.488811 375.837368 342.024488 309.366345 278.129832 248.531098 220.735702 194.860191 170.974911 149.107809 129.248990 111.355768 95.357991 81.163414 68.662940 57.735560 48.252886 40.083180 33.094820 27.159196 22.153016 17.960064 14.472450 11.591386 9.227582 7.301291 5.742100 4.488499 3.487312 2.693023 2.067039 1.576946 1.195761 0.901222 0.675116 0.502672 0.372007 0.273639 0.200061 0.145382 0.105006 0.075384 0.053791 0.038150 0.026893 0.018843 0.013122 0.009086 0.006255 0.004432 
0.004570 0.006255 0.008826 0.012821 0.018517 0.026589 0.037949 0.053834 0.075904 0.106375 0.148175 0.205149 0.282308 0.386133 0.524942 0.709325 0.952661 1.271720 1.687347 2.225239 2.916813 3.800144 4.920971 6.333753 8.102718 10.302905 13.021107 16.356688 20.422177 25.343575 31.260279 38.324536 46.700338 56.561662 68.089993 81.471062 96.890766 114.530275 134.560344 157.134922 182.384176 210.407097 241.263921 274.968611 311.481730 350.704013 392.470998 436.549066 482.633205 530.346803 579.243701 628.812660 678.484315 727.640581 775.626369 821.763336 865.365324 905.754999 942.281157 974.336074 1001.372271 1022.918041 1038.591133 1048.110024 1051.302337 1048.110024 1038.591133 1022.918041 1001.372271 974.336074 942.281157 905.754999 865.365324 821.763336 775.626369 727.640581 678.484315 628.812660 579.243701 530.346803 482.633205 436.549066 392.470998 350.704013 311.481730 274.968611 241.263921 210.407097 182.384176 157.134922 134.560344 114.530275 96.890766 81.471062 68.089993 56.561662 46.700338 38.324536 31.260279 25.343575 20.422177 16.356688 13.021107 10.302905 8.102718 6.333753 4.920971 3.800144 2.916813 2.225239 1.687347 1.271720 0.952661 0.709325 0.524942 0.386133 0.282308 0.205149 0.148175 0.106375 0.075904 0.053834 0.037949 0.026589 0.018517 0.012821 0.008826 0.006255 
0.006639 0.009086 0.012821 0.018624 0.026899 0.038624 0.055126 0.078200 0.110261 0.154524 0.215244 0.298007 0.410091 0.560911 0.762549 1.030390 1.383869 1.847345 2.451099 3.232461 4.237065 5.520222 7.148376 9.200632 11.770293 14.966361 18.914917 23.760299 29.665972 36.814967 45.409779 55.671567 67.838550 82.163455 98.909914 118.347724 140.746928 166.370698 195.467079 228.259703 264.937656 305.644736 350.468441 399.429057 452.469295 509.444960 570.117149 634.146497 701.089935 770.400382 841.429733 913.435343 985.590132 1056.996250 1126.702090 1193.722268 1257.060046 1315.731506 1368.790685 1415.354783 1454.628511 1485.926654 1508.693937 1522.521413 1527.158677 1522.521413 1508.693937 1485.926654 1454.628511 1415.354783 1368.790685 1315.731506 1257.060046 1193.722268 1126.702090 1056.996250 985.590132 913.435343 841.429733 770.400382 701.089935 634.146497 570.117149 509.444960 452.469295 399.429057 350.468441 305.644736 264.937656 228.259703 195.467079 166.370698 140.746928 118.347724 98.909914 82.163455 67.838550 55.671567 45.409779 36.814967 29.665972 23.760299 18.914917 14.966361 11.770293 9.200632 7.148376 5.520222 4.237065 3.232461 2.451099 1.847345 1.383869 1.030390 0.762549 0.560911 0.410091 0.298007 0.215244 0.154524 0.110261 0.078200 0.055126 0.038624 0.026899 0.018624 0.012821 0.009086 
0.009588 0.013122 0.018517 0.026899 0.038849 0.055784 0.079617 0.112943 0.159248 0.223177 0.310873 0.430405 0.592285 0.810112 1.101334 1.488171 1.998693 2.668083 3.540072 4.668576 6.119505 7.972742 10.324251 13.288281 16.999589 21.615604 27.318421 34.316507 42.845947 53.171092 65.584400 80.405287 97.977808 118.666971 142.853533 170.927158 203.277864 240.285742 282.309040 329.670746 382.643950 441.436340 506.174286 576.887086 653.492000 735.780768 823.408350 915.884607 1012.569623 1112.673262 1215.259477 1319.255683 1423.467345 1526.597718 1627.272413 1724.068264 1815.545700 1900.283671 1976.915940 2044.167499 2100.889728 2146.092985 2178.975299 2198.946035 2205.643540 2198.946035 2178.975299 2146.092985 2100.889728 2044.167499 1976.915940 1900.283671 1815.545700 1724.068264 1627.272413 1526.597718 1423.467345 1319.255683 1215.259477 1112.673262 1012.569623 915.884607 823.408350 735.780768 653.492000 576.887086 506.174286 441.436340 382.643950 329.670746 282.309040 240.285742 203.277864 170.927158 142.853533 118.666971 97.977808 80.405287 65.584400 53.171092 42.845947 34.316507 27.318421 21.615604 16.999589 13.288281 10.324251 7.972742 6.119505 4.668576 3.540072 2.668083 1.998693 1.488171 1.101334 0.810112 0.592285 0.430405 0.310873 0.223177 0.159248 0.112943 0.079617 0.055784 0.038849 0.026899 0.018517 0.013122 
0.013768 0.018843 0.026589 0.038624 0.055784 0.080103 0.114325 0.162179 0.228669 0.320466 0.446391 0.618031 0.850480 1.163264 1.581438 2.136908 2.869982 3.831178 5.083293 6.703745 8.787177 11.448294 14.824895 19.081033 24.410210 31.038481 39.227324 49.276080 61.523754 76.349934 94.174567 115.456314 140.689214 170.397391 205.127586 245.439330 291.892658 345.033358 405.375846 473.383912 549.449693 633.871413 726.830531 828.369119 938.368367 1056.529227 1182.356247 1315.145622 1453.978477 1597.720234 1745.026796 1894.358003 2043.998591 2192.086524 2336.648278 2475.640284 2606.995423 2728.673165 2838.711693 2935.280182 3016.729299 3081.637984 3128.854665 3157.531231 3167.148376 3157.531231 3128.854665 3081.637984 3016.729299 2935.280182 2838.711693 2728.673165 2606.995423 2475.640284 2336.648278 2192.086524 2043.998591 1894.358003 1745.026796 1597.720234 1453.978477 1315.145622 1182.356247 1056.529227 938.368367 828.369119 726.830531 633.871413 549.449693 473.383912 405.375846 345.033358 291.892658 245.439330 205.127586 170.397391 140.689214 115.456314 94.174567 76.349934 61.523754 49.276080 39.227324 31.038481 24.410210 19.081033 14.824895 11.448294 8.787177 6.703745 5.083293 3.831178 2.869982 2.136908 1.581438 1.163264 0.850480 0.618031 0.446391 0.320466 0.228669 0.162179 0.114325 0.080103 0.055784 0.038624 0.026589 0.018843 
0.019650 0.026893 0.037949 0.055126 0.079617 0.114325 0.163167 0.231466 0.326363 0.457378 0.637102 0.882071 1.213829 1.660243 2.257073 3.049856 4.096121 5.467967 7.255020 9.567776 12.541309 16.339331 21.158512 27.232993 34.838946 44.299003 55.986353 70.328223 87.808452 108.968797 134.408620 164.782535 200.795648 243.196003 292.763925 350.297993 416.597504 492.441423 578.563939 675.626983 784.190230 904.679310 1037.353208 1182.271969 1339.266024 1507.908564 1687.492466 1877.013240 2075.159440 2280.311764 2490.551878 2703.681625 2917.252929 3128.608239 3334.930886 3533.304230 3720.778021 3894.439956 4051.490073 4189.315367 4305.561863 4398.201384 4465.590374 4506.518386 4520.244248 4506.518386 4465.590374 4398.201384 4305.561863 4189.315367 4051.490073 3894.439956 3720.778021 3533.304230 3334.930886 3128.608239 2917.252929 2703.681625 2490.551878 2280.311764 2075.159440 1877.013240 1687.492466 1507.908564 1339.266024 1182.271969 1037.353208 904.679310 784.190230 675.626983 578.563939 492.441423 416.597504 350.297993 292.763925 243.196003 200.795648 164.782535 134.408620 108.968797 87.808452 70.328223 55.986353 44.299003 34.838946 27.232993 21.158512 16.339331 12.541309 9.567776 7.255020 5.467967 4.096121 3.049856 2.257073 1.660243 1.213829 0.882071 0.637102 0.457378 0.326363 0.231466 0.163167 0.114325 0.079617 0.055126 0.037949 0.026893 
0.027875 0.038150 0.053834 0.078200 0.112943 0.162179 0.231466 0.328353 0.462972 0.648827 0.903781 1.251288 1.721914 2.355188 3.201839 4.326464 5.810675 7.756748 10.291827 13.572655 17.790850 23.178648 30.015042 38.632180 49.421831 62.841679 79.421120 99.766211 124.563314 154.580957 190.669381 233.757209 284.844691 344.992987 415.309051 496.925728 590.976890 698.567556 820.739234 958.430929 1112.436579 1283.359979 1471.568519 1677.147375 1899.856002 2139.088938 2393.843070 2662.693450 2943.779686 3234.804672 3533.047094 3835.388691 4138.356672 4438.181089 4730.866271 5012.274730 5278.221301 5524.574649 5747.362805 5942.879011 6107.783966 6239.200538 6334.797212 6392.856871 6412.328105 6392.856871 6334.797212 6239.200538 6107.783966 5942.879011 5747.362805 5524.574649 5278.221301 5012.274730 4730.866271 4438.181089 4138.356672 3835.388691 3533.047094 3234.804672 2943.779686 2662.693450 2393.843070 2139.088938 1899.856002 1677.147375 1471.568519 1283.359979 1112.436579 958.430929 820.739234 698.567556 590.976890 496.925728 415.309051 344.992987 284.844691 233.757209 190.669381 154.580957 124.563314 99.766211 79.421120 62.841679 49.421831 38.632180 30.015042 23.178648 17.790850 13.572655 10.291827 7.756748 5.810675 4.326464 3.201839 2.355188 1.721914 1.251288 0.903781 0.648827 0.462972 0.328353 0.231466 0.162179 0.112943 0.078200 0.053834 0.038150 
0.039303 0.053791 0.075904 0.110261 0.159248 0.228669 0.326363 0.462972 0.652783 0.914835 1.274316 1.764296 2.427870 3.320776 4.514540 6.100243 8.192955 10.936887 14.511305 19.137219 25.084805 32.681510 42.320712 54.470734 69.683964 88.605728 111.982465 140.668707 175.632210 217.956590 268.840671 329.593796 401.626299 486.434402 585.578887 700.657052 833.267633 984.968692 1157.228736 1351.371746 1568.517164 1809.516329 2074.887254 2364.750040 2678.765517 3016.079997 3375.279106 3754.353693 4150.680634 4561.021046 4981.537925 5407.834573 5835.014411 6257.761877 6670.443138 7067.224408 7442.204672 7789.558815 8103.686427 8379.361042 8611.874299 8797.169491 8931.959218 9013.822377 9041.276493 9013.822377 8931.959218 8797.169491 8611.874299 8379.361042 8103.686427 7789.558815 7442.204672 7067.224408 6670.443138 6257.761877 5835.014411 5407.834573 4981.537925 4561.021046 4150.680634 3754.353693 3375.279106 3016.079997 2678.765517 2364.750040 2074.887254 1809.516329 1568.517164 1351.371746 1157.228736 984.968692 833.267633 700.657052 585.578887 486.434402 401.626299 329.593796 268.840671 217.956590 175.632210 140.668707 111.982465 88.605728 69.683964 54.470734 42.320712 32.681510 25.084805 19.137219 14.511305 10.936887 8.192955 6.100243 4.514540 3.320776 2.427870 1.764296 1.274316 0.914835 0.652783 0.462972 0.326363 0.228669 0.159248 0.110261 0.075904 0.053791 
0.055081 0.075384 0.106375 0.154524 0.223177 0.320466 0.457378 0.648827 0.914835 1.282086 1.785876 2.472552 3.402512 4.653864 6.326851 8.549118 11.481925 15.327377 20.336706 26.819641 35.154819 45.801137 59.309888 76.337400 97.657811 124.175504 156.936572 197.138583 246.137794 305.452822 376.763747 461.905534 562.854678 681.708043 820.652972 981.927976 1167.773590 1380.373339 1621.785249 1893.864796 2198.180810 2535.926389 2907.827500 3314.052454 3754.125926 4226.851526 4730.247094 5261.496928 5816.924879 6391.991853 6981.320522 7578.749184 8177.415583 8769.870283 9348.217814 9904.282481 10429.794370 10916.589943 11356.820566 11743.161667 12069.014767 12328.694638 12517.594191 12632.320398 12670.795662 12632.320398 12517.594191 12328.694638 12069.014767 11743.161667 11356.820566 10916.589943 10429.794370 9904.282481 9348.217814 8769.870283 8177.415583 7578.749184 6981.320522 6391.991853 5816.924879 5261.496928 4730.247094 4226.851526 3754.125926 3314.052454 2907.827500 2535.926389 2198.180810 1893.864796 1621.785249 1380.373339 1167.773590 981.927976 820.652972 681.708043 562.854678 461.905534 376.763747 305.452822 246.137794 197.138583 156.936572 124.175504 97.657811 76.337400 59.309888 45.801137 35.154819 26.819641 20.336706 15.327377 11.481925 8.549118 6.326851 4.653864 3.402512 2.472552 1.785876 1.282086 0.914835 0.648827 0.457378 0.320466 0.223177 0.154524 0.106375 0.075384 
0.076725 0.105006 0.148175 0.215244 0.310873 0.446391 0.637102 0.903781 1.274316 1.785876 2.487628 3.444131 4.739514 6.482580 8.812960 11.908457 15.993699 21.350205 28.327928 37.358305 48.968755 63.798498 82.615456 106.333856 136.032033 172.969740 218.604130 274.603350 342.856593 425.479208 524.811458 643.409347 784.026028 949.582317 1143.125065 1367.772396 1626.645252 1922.785168 2259.058861 2638.050908 3061.946604 3532.407871 4050.445941 4616.295261 5229.293732 5887.774845 6588.977559 7328.979754 8102.660755 8903.697849 9724.600711 10556.786423 11390.696236 12215.953489 13021.560221 13796.128132 14528.137682 15206.217503 15819.434877 16357.587069 16811.482757 17173.202728 17436.329557 17596.136939 17649.730895 17596.136939 17436.329557 17173.202728 16811.482757 16357.587069 15819.434877 15206.217503 14528.137682 13796.128132 13021.560221 12215.953489 11390.696236 10556.786423 9724.600711 8903.697849 8102.660755 7328.979754 6588.977559 5887.774845 5229.293732 4616.295261 4050.445941 3532.407871 3061.946604 2638.050908 2259.058861 1922.785168 1626.645252 1367.772396 1143.125065 949.582317 784.026028 643.409347 524.811458 425.479208 342.856593 274.603350 218.604130 172.969740 136.032033 106.333856 82.615456 63.798498 48.968755 37.358305 28.327928 21.350205 15.993699 11.908457 8.812960 6.482580 4.739514 3.444131 2.487628 1.785876 1.274316 0.903781 0.637102 0.446391 0.310873 0.215244 0.148175 0.105006 
0.106225 0.145382 0.205149 0.298007 0.430405 0.618031 0.882071 1.251288 1.764296 2.472552 3.444131 4.768413 6.561876 8.975158 12.201578 16.487306 22.143340 29.559444 39.220129 51.722722 67.797436 88.329275 114.381428 147.219647 188.336891 239.477294 302.658287 380.189432 474.686317 589.077657 726.603552 890.802802 1085.487157 1314.700498 1582.661202 1893.686326 2252.096826 2662.103718 3127.675983 3652.391981 4239.277259 4890.632756 5607.858526 6391.279162 7239.977984 8151.647705 9122.465654 10147.001637 11218.166062 12327.205107 13463.748387 14615.912817 15770.464272 16913.036223 18028.401950 19100.794305 20114.264440 21053.068651 21902.070545 22647.144397 23275.564783 23776.367524 24140.667665 24361.921622 24436.122666 24361.921622 24140.667665 23776.367524 23275.564783 22647.144397 21902.070545 21053.068651 20114.264440 19100.794305 18028.401950 16913.036223 15770.464272 14615.912817 13463.748387 12327.205107 11218.166062 10147.001637 9122.465654 8151.647705 7239.977984 6391.279162 5607.858526 4890.632756 4239.277259 3652.391981 3127.675983 2662.103718 2252.096826 1893.686326 1582.661202 1314.700498 1085.487157 890.802802 726.603552 589.077657 474.686317 380.189432 302.658287 239.477294 188.336891 147.219647 114.381428 88.329275 67.797436 51.722722 39.220129 29.559444 22.143340 16.487306 12.201578 8.975158 6.561876 4.768413 3.444131 2.472552 1.764296 1.251288 0.882071 0.618031 0.430405 0.298007 0.205149 0.145382 
0.146178 0.200061 0.282308 0.410091 0.592285 0.850480 1.213829 1.721914 2.427870 3.402512 4.739514 6.561876 9.029885 12.350833 16.790753 22.688399 30.471743 40.677140 53.971337 71.176320 93.296947 121.551081 157.401793 202.590900 259.172881 329.547865 416.492064 523.183695 653.222106 810.637540 999.888739 1225.845494 1493.753204 1809.176708 2177.920970 2605.926748 3099.140168 3663.356065 4304.036204 5026.104814 5833.725392 6730.064289 7717.048137 8795.123615 9963.029267 11217.590003 12553.545397 13963.422887 15437.466390 16963.629659 18527.641867 20113.150547 21701.944044 23274.252387 24809.121886 26284.855160 27679.504791 28971.405658 30139.728370 31165.034333 32029.811920 32718.973182 33220.291415 33524.761905 33626.870941 33524.761905 33220.291415 32718.973182 32029.811920 31165.034333 30139.728370 28971.405658 27679.504791 26284.855160 24809.121886 23274.252387 21701.944044 20113.150547 18527.641867 16963.629659 15437.466390 13963.422887 12553.545397 11217.590003 9963.029267 8795.123615 7717.048137 6730.064289 5833.725392 5026.104814 4304.036204 3663.356065 3099.140168 2605.926748 2177.920970 1809.176708 1493.753204 1225.845494 999.888739 810.637540 653.222106 523.183695 416.492064 329.547865 259.172881 202.590900 157.401793 121.551081 93.296947 71.176320 53.971337 40.677140 30.471743 22.688399 16.790753 12.350833 9.029885 6.561876 4.739514 3.402512 2.427870 1.721914 1.213829 0.850480 0.592285 0.410091 0.282308 0.200061 
0.199939 0.273639 0.386133 0.560911 0.810112 1.163264 1.660243 2.355188 3.320776 4.653864 6.482580 8.975158 12.350833 16.893138 22.965940 31.032582 41.678430 55.637098 73.820543 97.353056 127.609054 166.254299 215.289939 277.098383 354.489695 450.746705 569.666641 715.596584 893.459625 1108.768220 1367.620919 1676.678490 2043.115449 2474.543233 2978.901714 3564.316505 4238.920552 5010.639878 5886.944937 6874.570959 7979.212660 9205.200891 10555.170847 12029.733485 13627.163418 15343.117844 17170.401694 19098.794198 21114.951249 23202.396312 25341.610138 27510.226259 29683.335264 31833.896319 33933.249531 35951.717805 37859.282053 39626.309305 41224.309682 42626.695597 43809.515118 44752.131352 45437.820946 45854.267492 45993.929485 45854.267492 45437.820946 44752.131352 43809.515118 42626.695597 41224.309682 39626.309305 37859.282053 35951.717805 33933.249531 31833.896319 29683.335264 27510.226259 25341.610138 23202.396312 21114.951249 19098.794198 17170.401694 15343.117844 13627.163418 12029.733485 10555.170847 9205.200891 7979.212660 6874.570959 5886.944937 5010.639878 4238.920552 3564.316505 2978.901714 2474.543233 2043.115449 1676.678490 1367.620919 1108.768220 893.459625 715.596584 569.666641 450.746705 354.489695 277.098383 215.289939 166.254299 127.609054 97.353056 73.820543 55.637098 41.678430 31.032582 22.965940 16.893138 12.350833 8.975158 6.482580 4.653864 3.320776 2.355188 1.660243 1.163264 0.810112 0.560911 0.386133 0.273639 
0.271813 0.372007 0.524942 0.762549 1.101334 1.581438 2.257073 3.201839 4.514540 6.326851 8.812960 12.201578 16.790753 22.965940 31.221814 42.188280 56.661133 75.637710 100.357801 132.349862 173.482387 226.019956 292.683093 376.710646 481.922848 612.782653 774.452330 972.841661 1214.643509 1507.351965 1859.257907 2279.416537 2777.581492 3364.100393 4049.767364 4845.629041 5762.742030 6811.881626 8003.203788 9345.864947 10847.606978 12514.317599 14349.579315 16354.222710 18525.902152 20858.713671 23342.875691 25964.493245 28705.425243 31543.272109 34451.497746 37399.695315 40354.000886 43277.652893 46131.688688 48875.762755 51469.064642 53871.308819 56043.763769 57950.284109 59558.307587 60839.778689 61771.962294 62338.114450 62527.982609 62338.114450 61771.962294 60839.778689 59558.307587 57950.284109 56043.763769 53871.308819 51469.064642 48875.762755 46131.688688 43277.652893 40354.000886 37399.695315 34451.497746 31543.272109 28705.425243 25964.493245 23342.875691 20858.713671 18525.902152 16354.222710 14349.579315 12514.317599 10847.606978 9345.864947 8003.203788 6811.881626 5762.742030 4845.629041 4049.767364 3364.100393 2777.581492 2279.416537 1859.257907 1507.351965 1214.643509 972.841661 774.452330 612.782653 481.922848 376.710646 292.683093 226.019956 173.482387 132.349862 100.357801 75.637710 56.661133 42.188280 31.221814 22.965940 16.790753 12.201578 8.812960 6.326851 4.514540 3.201839 2.257073 1.581438 1.101334 0.762549 0.524942 0.372007 
0.367286 0.502672 0.709325 1.030390 1.488171 2.136908 3.049856 4.326464 6.100243 8.549118 11.908457 16.487306 22.688399 31.032582 42.188280 57.006649 76.563001 102.204982 135.607850 178.836921 234.416989 305.408050 395.486195 509.027900 651.195228 828.018720 1046.473858 1314.546199 1641.279431 2036.799898 2512.310598 3080.047314 3753.189588 4545.719578 5472.222778 6547.625882 7786.869062 9204.512367 10814.278975 12628.541454 14657.760965 16909.893248 19389.779144 22098.540972 25033.009210 28185.206159 31541.914525 35084.358819 38788.026008 42622.648805 46552.370477 50536.103971 54528.090863 58478.657319 62335.155306 66043.068196 69547.251123 72793.268516 75728.784656 78304.958319 80477.789959 82209.369757 83468.976883 84233.986435 84490.544585 84233.986435 83468.976883 82209.369757 80477.789959 78304.958319 75728.784656 72793.268516 69547.251123 66043.068196 62335.155306 58478.657319 54528.090863 50536.103971 46552.370477 42622.648805 38788.026008 35084.358819 31541.914525 28185.206159 25033.009210 22098.540972 19389.779144 16909.893248 14657.760965 12628.541454 10814.278975 9204.512367 7786.869062 6547.625882 5472.222778 4545.719578 3753.189588 3080.047314 2512.310598 2036.799898 1641.279431 1314.546199 1046.473858 828.018720 651.195228 509.027900 395.486195 305.408050 234.416989 178.836921 135.607850 102.204982 76.563001 57.006649 42.188280 31.032582 22.688399 16.487306 11.908457 8.549118 6.100243 4.326464 3.049856 2.136908 1.488171 1.030390 0.709325 0.502672 
0.493285 0.675116 0.952661 1.383869 1.998693 2.869982 4.096121 5.810675 8.192955 11.481925 15.993699 22.143340 30.471743 41.678430 56.661133 76.563001 102.828234 137.266797 182.128648 240.187619 314.834645 410.179464 531.159266 683.651892 874.590273 1112.073748 1405.470767 1765.506363 2204.326694 2735.531989 3374.168475 4136.669471 5040.735807 6105.146279 7349.489988 8793.814291 10458.184642 12362.155971 14524.159246 16960.811493 19686.162613 22710.897596 26041.517949 29679.531009 33620.679938 37854.250255 42362.490421 47120.183946 52094.408504 57244.513497 62522.341403 67872.710095 73234.163546 78539.987120 83719.471662 88699.398424 93405.704731 97765.280952 101707.837252 105167.777259 108086.007214 110411.612160 112103.332560 113130.781601 113475.353030 113130.781601 112103.332560 110411.612160 108086.007214 105167.777259 101707.837252 97765.280952 93405.704731 88699.398424 83719.471662 78539.987120 73234.163546 67872.710095 62522.341403 57244.513497 52094.408504 47120.183946 42362.490421 37854.250255 33620.679938 29679.531009 26041.517949 22710.897596 19686.162613 16960.811493 14524.159246 12362.155971 10458.184642 8793.814291 7349.489988 6105.146279 5040.735807 4136.669471 3374.168475 2735.531989 2204.326694 1765.506363 1405.470767 1112.073748 874.590273 683.651892 531.159266 410.179464 314.834645 240.187619 182.128648 137.266797 102.828234 76.563001 56.661133 41.678430 30.471743 22.143340 15.993699 11.481925 8.192955 5.810675 4.096121 2.869982 1.998693 1.383869 0.952661 0.675116 
0.658492 0.901222 1.271720 1.847345 2.668083 3.831178 5.467967 7.756748 10.936887 15.327377 21.350205 29.559444 40.677140 55.637098 75.637710 102.204982 137.266797 183.239300 243.125989 320.629694 420.277015 547.554100 709.051671 912.616134 1167.502355 1484.522251 1876.181890 2356.798264 2942.585445 3651.698560 4504.223022 5522.095889 6728.946239 8149.842139 9810.933346 11738.981345 13960.771782 16502.408799 19388.496141 22641.216100 26279.324082 30317.083621 34763.173668 39619.606387 44880.699267 50532.149403 56550.260026 62901.369305 69541.528780 76416.473422 83461.917103 90604.196446 97761.272995 104844.088323 111758.252124 118406.023528 124688.535490 130508.192606 135771.163334 140389.883924 144285.416139 147389.897084 149647.528704 151019.079188 151478.998335 151019.079188 149647.528704 147389.897084 144285.416139 140389.883924 135771.163334 130508.192606 124688.535490 118406.023528 111758.252124 104844.088323 97761.272995 90604.196446 83461.917103 76416.473422 69541.528780 62901.369305 56550.260026 50532.149403 44880.699267 39619.606387 34763.173668 30317.083621 26279.324082 22641.216100 19388.496141 16502.408799 13960.771782 11738.981345 9810.933346 8149.842139 6728.946239 5522.095889 4504.223022 3651.698560 2942.585445 2356.798264 1876.181890 1484.522251 1167.502355 912.616134 709.051671 547.554100 420.277015 320.629694 243.125989 183.239300 137.266797 102.204982 75.637710 55.637098 40.677140 29.559444 21.350205 15.327377 10.936887 7.756748 5.467967 3.831178 2.668083 1.847345 1.271720 0.901222 
0.873703 1.195761 1.687347 2.451099 3.540072 5.083293 7.255020 10.291827 14.511305 20.336706 28.327928 39.220129 53.971337 73.820543 100.357801 135.607850 182.128648 243.125989 322.584985 425.418628 557.632916 726.506991 940.785569 1210.879439 1549.068162 1969.697229 2489.359973 3127.052497 3904.287993 4845.155088 5976.303556 7326.839976 8928.115935 10813.392303 13017.365161 15575.542244 18523.463346 21895.764022 25725.089071 30040.870454 34867.993258 40225.382663 46124.554091 52568.177328 59548.712691 67047.182767 75032.146155 83458.939584 92269.251261 101391.081120 110739.132917 120215.668285 129711.836107 139109.473568 148283.284469 157103.693189 165438.754913 173160.370274 180143.310629 186271.501597 191440.223358 195559.297991 198555.646355 200375.447817 200985.747273 200375.447817 198555.646355 195559.297991 191440.223358 186271.501597 180143.310629 173160.370274 165438.754913 157103.693189 148283.284469 139109.473568 129711.836107 120215.668285 110739.132917 101391.081120 92269.251261 83458.939584 75032.146155 67047.182767 59548.712691 52568.177328 46124.554091 40225.382663 34867.993258 30040.870454 25725.089071 21895.764022 18523.463346 15575.542244 13017.365161 10813.392303 8928.115935 7326.839976 5976.303556 4845.155088 3904.287993 3127.052497 2489.359973 1969.697229 1549.068162 1210.879439 940.785569 726.506991 557.632916 425.418628 322.584985 243.125989 182.128648 135.607850 100.357801 73.820543 53.971337 39.220129 28.327928 20.336706 14.511305 10.291827 7.255020 5.083293 3.540072 2.451099 1.687347 1.195761 
1.152221 1.576946 2.225239 3.232461 4.668576 6.703745 9.567776 13.572655 19.137219 26.819641 37.358305 51.722722 71.176320 97.353056 132.349862 178.836921 240.187619 320.629694 425.418628 561.033581 735.395141 958.102895 1240.689199 1596.883594 2042.880120 2597.597324 3282.918161 4123.894311 5148.896943 6389.693657 7881.429640 9662.490069 11774.220788 14260.485568 17167.040907 20540.713697 24428.373105 28875.695811 33925.733123 39617.299321 45983.212363 53048.430395 60828.139727 69325.861219 78531.651688 88420.484101 98950.894166 110063.980842 121682.843728 133712.529400 146040.553125 158537.958957 171061.312450 183453.962690 195552.220612 207184.291217 218177.293696 228360.402474 237569.040667 245650.774099 252443.819390 257875.760513 261528.671414 263926.311178 264707.093265 263926.311178 261528.671414 257875.760513 252443.819390 245650.774099 237569.040667 228360.402474 218177.293696 207184.291217 195552.220612 183453.962690 171061.312450 158537.958957 146040.553125 133712.529400 121682.843728 110063.980842 98950.894166 88420.484101 78531.651688 69325.861219 60828.139727 53048.430395 45983.212363 39617.299321 33925.733123 28875.695811 24428.373105 20540.713697 17167.040907 14260.485568 11774.220788 9662.490069 7881.429640 6389.693657 5148.896943 4123.894311 3282.918161 2597.597324 2042.880120 1596.883594 1240.689199 958.102895 735.395141 561.033581 425.418628 320.629694 240.187619 178.836921 132.349862 97.353056 71.176320 51.722722 37.358305 26.819641 19.137219 13.572655 9.567776 6.703745 4.668576 3.232461 2.225239 1.576946 
1.510316 2.067039 2.916813 4.237065 6.119505 8.787177 12.541309 17.790850 25.084805 35.154819 48.968755 67.797436 93.296947 127.609054 173.482387 234.416989 314.834645 420.277015 557.632916 735.395141 963.945886 1255.868162 1626.278423 2093.173162 2677.779304 3404.895024 4303.204198 5405.544227 6749.103649 8375.523002 10330.870114 12665.459750 15433.487478 18692.449327 22502.322288 26924.486411 32020.377161 37849.866902 44469.386699 51929.813783 60274.165480 69535.156588 79732.693115 90871.390154 102938.214318 115900.360513 129703.477902 144270.358748 159500.204930 175268.488544 191427.887425 207808.556118 224223.509132 240468.474639 256301.775953 271547.826834 285637.933688 298969.970525 311001.864351 321581.665489 330504.556502 337615.129418 342787.999642 345929.718132 346983.343816 345929.718132 342787.999642 337615.129418 330504.556502 321581.665489 311001.864351 298969.970525 285637.933688 271547.826834 256301.775953 240468.474639 224223.509132 207808.556118 191427.887425 175268.488544 159500.204930 144270.358748 129703.477902 115900.360513 102938.214318 90871.390154 79732.693115 69535.156588 60274.165480 51929.813783 44469.386699 37849.866902 32020.377161 26924.486411 22502.322288 18692.449327 15433.487478 12665.459750 10330.870114 8375.523002 6749.103649 5405.544227 4303.204198 3404.895024 2677.779304 2093.173162 1626.278423 1255.868162 963.945886 735.395141 557.632916 420.277015 314.834645 234.416989 173.482387 127.609054 93.296947 67.797436 48.968755 35.154819 25.084805 17.790850 12.541309 8.787177 6.119505 4.237065 2.916813 2.067039 
1.967702 2.693023 3.800144 5.520222 7.972742 11.448294 16.339331 23.178648 32.681510 45.801137 63.798498 88.329275 121.551081 166.254299 226.019956 305.408050 410.179464 547.554100 726.506991 958.102895 1255.868162 1636.196455 2118.782106 2727.071686 3488.720500 4436.036627 5606.390593 7042.564310 8793.008529 10911.974243 13459.480509 16501.079459 20107.379300 24353.288212 29316.946675 35078.323129 41717.458213 49312.356094 57936.537475 67656.287294 78527.650285 90593.248626 103879.016678 118390.967173 134112.119670 150999.733207 168982.999325 187961.259484 207803.320344 228345.630760 249398.646807 270714.318564 292099.147103 312921.729392 333558.325155 353373.183153 372122.130900 389489.904265 405181.733570 418965.355560 429679.800302 438646.071657 434003.166939 438006.323432 438462.725099 438006.323432 434003.166939 438646.071657 429679.800302 418965.355560 405181.733570 389489.904265 372122.130900 353373.183153 333558.325155 312921.729392 292099.147103 270714.318564 249398.646807 228345.630760 207803.320344 187961.259484 168982.999325 150999.733207 134112.119670 118390.967173 103879.016678 90593.248626 78527.650285 67656.287294 57936.537475 49312.356094 41717.458213 35078.323129 29316.946675 24353.288212 20107.379300 16501.079459 13459.480509 10911.974243 8793.008529 7042.564310 5606.390593 4436.036627 3488.720500 2727.071686 2118.782106 1636.196455 1255.868162 958.102895 726.506991 547.554100 410.179464 305.408050 226.019956 166.254299 121.551081 88.329275 63.798498 45.801137 32.681510 23.178648 16.339331 11.448294 7.972742 5.520222 3.800144 2.693023 
2.548063 3.487312 4.920971 7.148376 10.324251 14.824895 21.158512 30.015042 42.320712 59.309888 82.615456 114.381428 157.401793 215.289939 292.683093 395.486195 531.159266 709.051671 940.785569 1240.689199 1626.278423 2118.782106 2743.703301 3531.403991 4517.696239 5744.417182 7259.959545 9119.723490 11386.450005 14130.391069 17429.267971 21367.967026 26037.921878 31536.134395 37963.792089 45424.449581 54021.754983 63856.719288 75024.547662 87611.075358 101688.877146 117313.146342 134517.466479 153309.623694 173667.627990 195536.135155 218823.371940 243398.738349 269092.045745 295665.663796 322925.723246 350188.702428 377835.331434 405180.503297 430953.672386 456574.805297 468398.241413 490248.644211 509083.114600 526386.653723 540097.313372 540649.116714 548094.790708 553104.552569 554789.164633 553104.552569 548094.790708 540649.116714 540097.313372 526386.653723 509083.114600 490248.644211 468398.241413 456574.805297 430953.672386 405180.503297 377835.331434 350188.702428 322925.723246 295665.663796 269092.045745 243398.738349 218823.371940 195536.135155 173667.627990 153309.623694 134517.466479 117313.146342 101688.877146 87611.075358 75024.547662 63856.719288 54021.754983 45424.449581 37963.792089 31536.134395 26037.921878 21367.967026 17429.267971 14130.391069 11386.450005 9119.723490 7259.959545 5744.417182 4517.696239 3531.403991 2743.703301 2118.782106 1626.278423 1240.689199 940.785569 709.051671 531.159266 395.486195 292.683093 215.289939 157.401793 114.381428 82.615456 59.309888 42.320712 30.015042 21.158512 14.824895 10.324251 7.148376 4.920971 3.487312 
3.279596 4.488499 6.333753 9.200632 13.288281 19.081033 27.232993 38.632180 54.470734 76.337400 106.333856 147.219647 202.590900 277.098383 376.710646 509.027900 683.651892 912.616134 1210.879439 1596.883594 2093.173162 2727.071686 3531.403991 4545.248804 5814.699615 7393.604751 9344.250197 11737.941167 14655.431211 18187.141224 22433.105813 27502.581641 33513.252399 40589.968609 48862.968108 58465.535423 69531.075416 82189.598728 96563.643354 112763.687331 130883.141207 150993.043970 173136.619424 197323.890740 223526.477428 251672.771736 281644.664770 313245.071053 346313.010663 380139.061222 415187.849020 449673.410666 485180.421509 507072.517629 540483.645519 570656.555009 589023.992760 615624.368885 640432.656359 662210.478985 679836.470025 691373.333474 695307.970111 701691.396586 703331.473970 701691.396586 695307.970111 691373.333474 679836.470025 662210.478985 640432.656359 615624.368885 589023.992760 570656.555009 540483.645519 507072.517629 485180.421509 449673.410666 415187.849020 380139.061222 346313.010663 313245.071053 281644.664770 251672.771736 223526.477428 197323.890740 173136.619424 150993.043970 130883.141207 112763.687331 96563.643354 82189.598728 69531.075416 58465.535423 48862.968108 40589.968609 33513.252399 27502.581641 22433.105813 18187.141224 14655.431211 11737.941167 9344.250197 7393.604751 5814.699615 4545.248804 3531.403991 2727.071686 2093.173162 1596.883594 1210.879439 912.616134 683.651892 509.027900 376.710646 277.098383 202.590900 147.219647 106.333856 76.337400 54.470734 38.632180 27.232993 19.081033 13.288281 9.200632 6.333753 4.488499 
4.195560 5.742100 8.102718 11.770293 16.999589 24.410210 34.838946 49.421831 69.683964 97.657811 136.032033 188.336891 259.172881 354.489695 481.922848 651.195228 874.590273 1167.502355 1549.068162 2042.880120 2677.779304 3488.720500 4517.696239 5814.699615 7438.697654 9458.578080 11954.022842 15016.252120 18748.573269 23266.660999 28698.488767 35183.827725 42873.229660 51926.414821 62509.995407 74794.481226 88950.536024 105144.481353 123533.079065 144257.662807 167437.731939 193164.164549 221492.260030 252434.751808 285955.004604 321961.789021 360270.689011 400714.032833 442568.199972 485213.748403 529899.722611 560746.155008 603966.775617 633968.586838 674600.545700 714122.245021 741736.626818 776110.829076 806875.183022 834347.668970 858875.803012 891441.318716 909552.066849 917897.946567 920955.662671 917897.946567 909552.066849 891441.318716 858875.803012 834347.668970 806875.183022 776110.829076 741736.626818 714122.245021 674600.545700 633968.586838 603966.775617 560746.155008 529899.722611 485213.748403 442568.199972 400714.032833 360270.689011 321961.789021 285955.004604 252434.751808 221492.260030 193164.164549 167437.731939 144257.662807 123533.079065 105144.481353 88950.536024 74794.481226 62509.995407 51926.414821 42873.229660 35183.827725 28698.488767 23266.660999 18748.573269 15016.252120 11954.022842 9458.578080 7438.697654 5814.699615 4517.696239 3488.720500 2677.779304 2042.880120 1549.068162 1167.502355 874.590273 651.195228 481.922848 354.489695 259.172881 188.336891 136.032033 97.657811 69.683964 49.421831 34.838946 24.410210 16.999589 11.770293 8.102718 5.742100 
5.334810 7.301291 10.302905 14.966361 21.615604 31.038481 44.299003 62.841679 88.605728 124.175504 172.969740 239.477294 329.547865 450.746705 612.782653 828.018720 1112.073748 1484.522251 1969.697229 2597.597324 3404.895024 4436.036627 5744.417182 7393.604751 9458.578080 12026.930446 15199.980384 19093.717712 23839.501536 29584.416515 36491.185609 44737.532989 54514.890798 66026.349214 79483.761788 95103.938020 113103.883150 133695.081158 157076.860511 183428.932156 212903.241277 245615.349559 281634.873808 320979.389220 363565.709120 409327.134099 457624.666423 507847.553017 561406.641183 601541.615157 655827.361595 696756.981670 750185.367771 793433.072081 845521.655749 896791.389942 963233.034752 1009297.529998 1050314.516715 1086044.498935 1117304.487911 1141697.793848 1173142.148893 1183863.018896 1188546.253011 1183863.018896 1173142.148893 1141697.793848 1117304.487911 1086044.498935 1050314.516715 1009297.529998 963233.034752 896791.389942 845521.655749 793433.072081 750185.367771 696756.981670 655827.361595 601541.615157 561406.641183 507847.553017 457624.666423 409327.134099 363565.709120 320979.389220 281634.873808 245615.349559 212903.241277 183428.932156 157076.860511 133695.081158 113103.883150 95103.938020 79483.761788 66026.349214 54514.890798 44737.532989 36491.185609 29584.416515 23839.501536 19093.717712 15199.980384 12026.930446 9458.578080 7393.604751 5744.417182 4436.036627 3404.895024 2597.597324 1969.697229 1484.522251 1112.073748 828.018720 612.782653 450.746705 329.547865 239.477294 172.969740 124.175504 88.605728 62.841679 44.299003 31.038481 21.615604 14.966361 10.302905 7.301291 
6.742286 9.227582 13.021107 18.914917 27.318421 39.227324 55.986353 79.421120 111.982465 156.936572 218.604130 302.658287 416.492064 569.666641 774.452330 1046.473858 1405.470767 1876.181890 2489.359973 3282.918161 4303.204198 5606.390593 7259.959545 9344.250197 11954.022842 15199.980384 19210.172098 24131.189250 30129.047254 37389.635928 46118.609228 56540.580070 68897.485897 83445.997913 100453.862727 120195.090416 142943.938438 168967.686325 198518.251130 231822.753832 269073.235814 310414.976054 355938.231144 405622.683673 459463.355776 516822.232715 577039.298786 641762.058090 690837.197369 744324.213592 809908.073115 867047.405440 936933.930532 1024355.691940 1094244.181254 1159657.568161 1236431.623069 1294160.640784 1347498.936597 1393338.270019 1432041.850703 1462854.546727 1485543.126351 1499157.796955 1503745.159326 1499157.796955 1485543.126351 1462854.546727 1432041.850703 1393338.270019 1347498.936597 1294160.640784 1236431.623069 1159657.568161 1094244.181254 1024355.691940 936933.930532 867047.405440 809908.073115 744324.213592 690837.197369 641762.058090 577039.298786 516822.232715 459463.355776 405622.683673 355938.231144 310414.976054 269073.235814 231822.753832 198518.251130 168967.686325 142943.938438 120195.090416 100453.862727 83445.997913 68897.485897 56540.580070 46118.609228 37389.635928 30129.047254 24131.189250 19210.172098 15199.980384 11954.022842 9344.250197 7259.959545 5606.390593 4303.204198 3282.918161 2489.359973 1876.181890 1405.470767 1046.473858 774.452330 569.666641 416.492064 302.658287 218.604130 156.936572 111.982465 79.421120 55.986353 39.227324 27.318421 18.914917 13.021107 9.227582 
